52
AT-HV1                                0.0000000 0.2394524 0.2389713 0.2307124 0.1991747 0.2365413 0.2356756 0.2116685 0.2464745 0.2753505 0.0414478 0.2595045 0.2461245 0.2354475 0.2884139 0.2349978 0.2638709 0.2635188 0.2461245 0.2152347 0.2512032 0.2407989 0.2691002 0.2608948 0.3396380 0.3396380 0.2694985 0.2727004 0.2726352 0.2173065 0.3053325 0.1897351 0.2699730 0.2782844 0.3126360 0.2479893 0.3027072 0.3427400 0.3158477 0.2542534 0.2536071 0.2512032 0.2564596 0.2735656 0.3502631 0.2622522 0.2344098 0.2198704 0.2734703 0.2780695 0.2595045 0.3334503 
AT-HV3                                0.2394524 0.0000000 0.0297881 0.0304658 0.2233552 0.2553035 0.2427872 0.2230105 0.2655809 0.2738990 0.2565867 0.2406361 0.0407999 0.0298291 0.0439155 0.0314842 0.0345168 0.0423495 0.0407999 0.0188641 0.1315064 0.1253230 0.1736554 0.1666567 0.2723406 0.2723406 0.1753702 0.2980345 0.2710777 0.1851040 0.2838251 0.1829321 0.2651600 0.2266436 0.2650150 0.2362080 0.2651871 0.3229342 0.2743748 0.1213559 0.1348951 0.1315064 0.1442783 0.1457735 0.2780218 0.2185927 0.2438335 0.1949788 0.2177434 0.2120040 0.2406361 0.2956360 
AT-JM2                                0.2389713 0.0297881 0.0000000 0.0726318 0.2244272 0.2581221 0.2440730 0.2277415 0.2683109 0.2766122 0.2549210 0.2211134 0.0337427 0.0296895 0.0596480 0.0296403 0.0312729 0.0421381 0.0337427 0.0154344 0.1176021 0.1198793 0.1708334 0.1686569 0.2653235 0.2653235 0.1773936 0.2950892 0.2738116 0.1871922 0.2810259 0.1848016 0.2567106 0.2161379 0.2580832 0.2296923 0.2583372 0.3125635 0.2656368 0.1119362 0.1209153 0.1176021 0.1384578 0.1354828 0.2806463 0.2116826 0.2307326 0.1918280 0.2120754 0.2140297 0.2211134 0.2937653 
AT-WL2                                0.2307124 0.0304658 0.0726318 0.0000000 0.2330965 0.2700843 0.2569374 0.2327052 0.2806983 0.2896201 0.2687715 0.2348422 0.0401216 0.0341355 0.0505179 0.0340797 0.0363921 0.0481259 0.0401216 0.0202257 0.1247392 0.1279320 0.1794356 0.1768740 0.2559193 0.2559193 0.1798470 0.3119532 0.2866777 0.1898658 0.2810478 0.1917634 0.2651139 0.2268351 0.2640833 0.2331621 0.2642683 0.3208293 0.2699610 0.1202948 0.1295446 0.1247392 0.1421141 0.1441817 0.2935771 0.2184491 0.2413625 0.1948478 0.2256510 0.2170196 0.2348422 0.2994133 
Aedes_aegypti_MN299002.1              0.1991747 0.2233552 0.2244272 0.2330965 0.0000000 0.0074721 0.0076341 0.0091073 0.0074837 0.1695230 0.1722023 0.2416628 0.2065197 0.1884255 0.2011708 0.1880831 0.1963479 0.1884255 0.2065197 0.2001596 0.2262554 0.2229191 0.2267528 0.2269709 0.2764042 0.2764042 0.2495052 0.2379063 0.1676243 0.1869178 0.2533349 0.1387574 0.2120643 0.2474665 0.2418120 0.2417190 0.2549100 0.2825703 0.2585069 0.2087741 0.2259036 0.2262554 0.2029548 0.2147574 0.2303806 0.2023845 0.1777503 0.1843350 0.1746689 0.1979700 0.2416628 0.2709875 
Aedes_aegypti_MK300221.1              0.2365413 0.2553035 0.2581221 0.2700843 0.0074721 0.0000000 0.0072752 0.0087731 0.0071384 0.1545628 0.1605762 0.2205846 0.1883873 0.1698323 0.1883873 0.1698323 0.1834616 0.1666665 0.1883873 0.1894113 0.2043157 0.2058561 0.2145256 0.2122568 0.2451664 0.2451664 0.2330579 0.2145118 0.1528745 0.1731082 0.2350467 0.1244490 0.2004530 0.2272833 0.2198951 0.2162149 0.2321443 0.2743798 0.2310005 0.1884140 0.2065007 0.2043157 0.1857138 0.1983450 0.2040398 0.1947827 0.1694426 0.1869915 0.1671085 0.1862956 0.2205846 0.2486141 
Aedes_aegypti_MN298992.1              0.2356756 0.2427872 0.2440730 0.2569374 0.0076341 0.0072752 0.0000000 0.0014520 0.0028816 0.1618109 0.1598160 0.2169466 0.1846787 0.1778558 0.1846787 0.1778558 0.1865499 0.1744314 0.1846787 0.1854653 0.2008771 0.2021217 0.2179800 0.2157033 0.2442863 0.2442863 0.2380999 0.2140617 0.1600178 0.1762956 0.2347673 0.1319824 0.2050837 0.2382431 0.2194737 0.2157886 0.2318033 0.2632077 0.2275425 0.1849788 0.2030681 0.2008771 0.1794397 0.1951310 0.2133774 0.1918525 0.1602483 0.1838095 0.1700417 0.1898599 0.2169466 0.2386691 
Aedes_aegypti_MN298993.1              0.2116685 0.2230105 0.2277415 0.2327052 0.0091073 0.0087731 0.0014520 0.0000000 0.0043433 0.1593292 0.1573991 0.2142144 0.1820977 0.1726503 0.1820977 0.1726503 0.1862707 0.1718897 0.1820977 0.1798567 0.1982612 0.1964940 0.2145256 0.2122568 0.2450632 0.2450632 0.2343528 0.2125590 0.1575558 0.1794483 0.2320018 0.1294272 0.2021326 0.2345586 0.2135799 0.2131152 0.2258052 0.2569734 0.2247930 0.1824169 0.2004506 0.1982612 0.1741567 0.1897225 0.2118716 0.1886281 0.1577702 0.1805937 0.1696028 0.1866092 0.2142144 0.2383106 
Aedes_aegypti_MK300224.1              0.2464745 0.2655809 0.2683109 0.2806983 0.0074837 0.0071384 0.0028816 0.0043433 0.0000000 0.1623039 0.1683885 0.2296870 0.1969493 0.1779949 0.1969493 0.1779949 0.1920086 0.1746456 0.1969493 0.1985360 0.2130427 0.2146815 0.2239610 0.2147911 0.2605302 0.2605302 0.2445217 0.2236923 0.1605473 0.1756044 0.2444594 0.1366773 0.2042447 0.2445585 0.2292938 0.2250610 0.2346279 0.2695064 0.2403812 0.1968797 0.2152459 0.2130427 0.1941956 0.2070353 0.2077312 0.1908094 0.1717685 0.1830822 0.1752858 0.1953337 0.2296870 0.2471040 
Aedes_albopictus_KF211505             0.2753505 0.2738990 0.2766122 0.2896201 0.1695230 0.1545628 0.1618109 0.1593292 0.1623039 0.0000000 0.1841650 0.1762036 0.2023618 0.1826573 0.2023618 0.1826573 0.1972822 0.1791089 0.2023618 0.2069295 0.1833501 0.1886375 0.2084577 0.1955806 0.2160676 0.2160676 0.2001941 0.1742665 0.0014091 0.1451871 0.2265770 0.1423974 0.1793626 0.1875624 0.2078961 0.2185767 0.2324674 0.2814211 0.2082511 0.1921793 0.1855067 0.1833501 0.1731081 0.1927104 0.2096984 0.2279572 0.1935055 0.2026301 0.1893647 0.2103754 0.1762036 0.2182729 
Aedes_albopictus_MN513368             0.0414478 0.2565867 0.2549210 0.2687715 0.1722023 0.1605762 0.1598160 0.1573991 0.1683885 0.1841650 0.0000000 0.1862598 0.1848927 0.1909362 0.1855999 0.1905887 0.1881416 0.1900260 0.1848927 0.1935666 0.1897731 0.1815949 0.2443447 0.2364817 0.2507825 0.2507825 0.2487080 0.1850268 0.1818661 0.1933701 0.2256276 0.1567329 0.1970403 0.2509459 0.2335001 0.1848369 0.2247333 0.2726411 0.2353080 0.1826465 0.1872677 0.1897731 0.1788331 0.2020163 0.2513430 0.2414973 0.1675934 0.1955055 0.1819439 0.2436280 0.1862598 0.2393357 
Aedes_taeniorhynchus_MN626442.1       0.2595045 0.2406361 0.2211134 0.2348422 0.2416628 0.2205846 0.2169466 0.2142144 0.2296870 0.1762036 0.1862598 0.0000000 0.1578481 0.1783738 0.1584353 0.1780515 0.1626181 0.1776741 0.1578481 0.1697251 0.1421618 0.1476587 0.2176304 0.2115567 0.2433154 0.2433154 0.2073469 0.1589063 0.1743301 0.1013155 0.2347745 0.1420528 0.1150770 0.2009507 0.1898131 0.2013576 0.1779450 0.2722624 0.1893525 0.1342539 0.1398747 0.1421618 0.1318004 0.1662261 0.2532409 0.1574488 0.1398299 0.1440688 0.1502157 0.1711486 0.0000010 0.2726826 
Culex_pipiens_KP293422.1              0.2461245 0.0407999 0.0337427 0.0401216 0.2065197 0.1883873 0.1846787 0.1820977 0.1969493 0.2023618 0.1848927 0.1578481 0.0000000 0.0088854 0.0000010 0.0088717 0.0000010 0.0102546 0.0000010 0.0000010 0.0733904 0.0781105 0.1624070 0.1602509 0.1959679 0.1959679 0.1686851 0.2181617 0.2001825 0.1779622 0.2091034 0.1549359 0.2088511 0.2049885 0.1940371 0.1657399 0.1950134 0.2421948 0.1944568 0.0679823 0.0754624 0.0733904 0.0938743 0.0908159 0.2072528 0.2053955 0.1660159 0.1824681 0.1522600 0.2043563 0.1578481 0.2250484 
Culex_pipiens_MK714012.1              0.2354475 0.0298291 0.0296895 0.0341355 0.1884255 0.1698323 0.1778558 0.1726503 0.1779949 0.1826573 0.1909362 0.1783738 0.0088854 0.0000000 0.0088854 0.0000010 0.0044708 0.0000010 0.0088854 0.0045934 0.0822806 0.0853604 0.1624070 0.1602509 0.2003872 0.2003872 0.1686851 0.2326492 0.1806486 0.1779622 0.2173473 0.1501997 0.2187424 0.2025769 0.1945793 0.1714334 0.1985191 0.2577075 0.2080102 0.0765370 0.0883703 0.0822806 0.1020924 0.0986480 0.1878023 0.2053955 0.1820875 0.1824681 0.1626561 0.2043563 0.1783738 0.2254920 
Culex_pipiens_KP293425.1              0.2884139 0.0439155 0.0596480 0.0505179 0.2011708 0.1883873 0.1846787 0.1820977 0.1969493 0.2023618 0.1855999 0.1584353 0.0000010 0.0088854 0.0000000 0.0088717 0.0000010 0.0102546 0.0000010 0.0000010 0.0736258 0.0783660 0.1624070 0.1602509 0.1966984 0.1966984 0.1686851 0.2190327 0.2001825 0.1779622 0.2098991 0.1549359 0.2088511 0.2049885 0.1947769 0.1663454 0.1957475 0.2431384 0.1951998 0.0681992 0.0757060 0.0736258 0.0941880 0.0911229 0.2072528 0.2053955 0.1666278 0.1824681 0.1514170 0.2043563 0.1584353 0.2228621 
Culex_pipiens_MK714001.1              0.2349978 0.0314842 0.0296403 0.0340797 0.1880831 0.1698323 0.1778558 0.1726503 0.1779949 0.1826573 0.1905887 0.1780515 0.0088717 0.0000010 0.0088717 0.0000000 0.0044708 0.0000010 0.0088717 0.0045861 0.0821445 0.0852171 0.1624070 0.1602509 0.2000330 0.2000330 0.1686851 0.2322136 0.1806486 0.1779622 0.2169572 0.1501997 0.2187424 0.2025769 0.1942292 0.1711307 0.1981663 0.2572433 0.2076309 0.0764105 0.0882234 0.0821445 0.1019193 0.0984792 0.1878023 0.2053955 0.1817629 0.1824681 0.1626561 0.2043563 0.1780515 0.2250878 
Culex_quinquefasciatus_MW509603       0.2638709 0.0345168 0.0312729 0.0363921 0.1963479 0.1834616 0.1865499 0.1862707 0.1920086 0.1972822 0.1881416 0.1626181 0.0000010 0.0044708 0.0000010 0.0044708 0.0000000 0.0058964 0.0000010 0.0000010 0.0743441 0.0792588 0.1640376 0.1618592 0.1912498 0.1912498 0.1686851 0.2229871 0.1951238 0.1779622 0.2100309 0.1564968 0.2088511 0.2058202 0.1944457 0.1652048 0.1954496 0.2475358 0.1977906 0.0687349 0.0764981 0.0743441 0.0935174 0.0924951 0.2022904 0.2053955 0.1710962 0.1824681 0.1528802 0.2043563 0.1626181 0.2212483 
Culex_quinquefasciatus_MH463059.1     0.2635188 0.0423495 0.0421381 0.0481259 0.1884255 0.1666665 0.1744314 0.1718897 0.1746456 0.1791089 0.1900260 0.1776741 0.0102546 0.0000010 0.0102546 0.0000010 0.0058964 0.0000000 0.0102546 0.0045934 0.0829338 0.0880337 0.1624070 0.1602509 0.1965287 0.1965287 0.1686851 0.2309821 0.1771604 0.1779622 0.2160101 0.1501997 0.2204447 0.2025769 0.1936197 0.1708578 0.2003523 0.2556617 0.2068120 0.0772585 0.0889516 0.0829338 0.1046710 0.1012750 0.1842267 0.2053955 0.1813380 0.1824681 0.1622062 0.2043563 0.1776741 0.2233751 
Culex_quinquefasciatus_MN389462.1     0.2461245 0.0407999 0.0337427 0.0401216 0.2065197 0.1883873 0.1846787 0.1820977 0.1969493 0.2023618 0.1848927 0.1578481 0.0000010 0.0088854 0.0000010 0.0088717 0.0000010 0.0102546 0.0000000 0.0000010 0.0733904 0.0781105 0.1624070 0.1602509 0.1959679 0.1959679 0.1686851 0.2181617 0.2001825 0.1779622 0.2091034 0.1549359 0.2088511 0.2049885 0.1940371 0.1657399 0.1950134 0.2421948 0.1944568 0.0679823 0.0754624 0.0733904 0.0938743 0.0908159 0.2072528 0.2053955 0.1660159 0.1824681 0.1522600 0.2043563 0.1578481 0.2250484 
Culex_quinquefasciatus_MN005046.1     0.2152347 0.0188641 0.0154344 0.0202257 0.2001596 0.1894113 0.1854653 0.1798567 0.1985360 0.2069295 0.1935666 0.1697251 0.0000010 0.0045934 0.0000010 0.0045861 0.0000010 0.0045934 0.0000010 0.0000000 0.0761882 0.0772210 0.1625586 0.1650631 0.2004150 0.2004150 0.1701187 0.2331569 0.2045784 0.1821809 0.2152748 0.1579822 0.2230358 0.2108140 0.1972720 0.1708889 0.1940959 0.2468759 0.2044616 0.0703814 0.0803104 0.0761882 0.0938781 0.0885241 0.2120477 0.2103592 0.1760528 0.1842797 0.1615728 0.2066495 0.1697251 0.2292941 
Culex_tarsalis_NC_036006.1            0.2512032 0.1315064 0.1176021 0.1247392 0.2262554 0.2043157 0.2008771 0.1982612 0.2130427 0.1833501 0.1897731 0.1421618 0.0733904 0.0822806 0.0736258 0.0821445 0.0743441 0.0829338 0.0733904 0.0761882 0.0000000 0.0553727 0.1579570 0.1572298 0.1990364 0.1990364 0.1862594 0.2184024 0.1814028 0.1835682 0.2211959 0.1744861 0.1920611 0.1956706 0.1715377 0.1391353 0.1768336 0.2346210 0.1753490 0.0498207 0.0042469 0.0000010 0.0900350 0.0998397 0.2017689 0.2165090 0.1532195 0.1506855 0.1567137 0.1776920 0.1421618 0.2249999 
Culex_tarsalis_AF425847               0.2407989 0.1253230 0.1198793 0.1279320 0.2229191 0.2058561 0.2021217 0.1964940 0.2146815 0.1886375 0.1815949 0.1476587 0.0781105 0.0853604 0.0783660 0.0852171 0.0792588 0.0880337 0.0781105 0.0772210 0.0553727 0.0000000 0.1570529 0.1521415 0.2063372 0.2063372 0.1780449 0.1994231 0.1865569 0.1629458 0.2199842 0.1652065 0.1780398 0.1945837 0.1790442 0.1463241 0.1806601 0.2169415 0.1778560 0.0350406 0.0515308 0.0553727 0.0811402 0.1006418 0.1832258 0.2093545 0.1633570 0.1561243 0.1521295 0.1918961 0.1476587 0.2183596 
Culex_erraticus_MH129001              0.2691002 0.1736554 0.1708334 0.1794356 0.2267528 0.2145256 0.2179800 0.2145256 0.2239610 0.2084577 0.2443447 0.2176304 0.1624070 0.1624070 0.1624070 0.1624070 0.1640376 0.1624070 0.1624070 0.1625586 0.1579570 0.1570529 0.0000000 0.0106353 0.1804440 0.1804440 0.1762569 0.2396877 0.2061240 0.1948883 0.2090374 0.1909657 0.2147810 0.1847466 0.1953737 0.2125507 0.1901448 0.2186281 0.2182823 0.1545584 0.1577272 0.1579570 0.1386250 0.1662517 0.2147605 0.2184744 0.1966090 0.1985204 0.1949070 0.2381944 0.2176304 0.2476419 
Culex_erraticus_MH128999.1            0.2608948 0.1666567 0.1686569 0.1768740 0.2269709 0.2122568 0.2157033 0.2122568 0.2147911 0.1955806 0.2364817 0.2115567 0.1602509 0.1602509 0.1602509 0.1602509 0.1618592 0.1602509 0.1602509 0.1650631 0.1572298 0.1521415 0.0106353 0.0000000 0.1828200 0.1828200 0.1752990 0.2267633 0.1933264 0.1763036 0.2068370 0.1789114 0.1964303 0.1776132 0.1952601 0.2153796 0.1928783 0.2159467 0.2057511 0.1543191 0.1570020 0.1572298 0.1334481 0.1702523 0.2073360 0.2040001 0.1843124 0.1898039 0.1976634 0.2303370 0.2115567 0.2378525 
Anopheles_quadrimaculatus_L04272      0.3396380 0.2723406 0.2653235 0.2559193 0.2764042 0.2451664 0.2442863 0.2450632 0.2605302 0.2160676 0.2507825 0.2433154 0.1959679 0.2003872 0.1966984 0.2000330 0.1912498 0.1965287 0.1959679 0.2004150 0.1990364 0.2063372 0.1804440 0.1828200 0.0000000 0.0000010 0.1211476 0.2815253 0.2136450 0.2568202 0.1894394 0.2311496 0.2572161 0.1336613 0.1709413 0.1583147 0.1706911 0.2029251 0.1438169 0.1992231 0.1955692 0.1990364 0.1749032 0.2038916 0.2549927 0.2631142 0.2554659 0.2266031 0.2574799 0.2421797 0.2433154 0.2609410 
Anopheles_quadrimaculatus_L04272.1    0.3396380 0.2723406 0.2653235 0.2559193 0.2764042 0.2451664 0.2442863 0.2450632 0.2605302 0.2160676 0.2507825 0.2433154 0.1959679 0.2003872 0.1966984 0.2000330 0.1912498 0.1965287 0.1959679 0.2004150 0.1990364 0.2063372 0.1804440 0.1828200 0.0000010 0.0000000 0.1211476 0.2815253 0.2136450 0.2568202 0.1894394 0.2311496 0.2572161 0.1336613 0.1709413 0.1583147 0.1706911 0.2029251 0.1438169 0.1992231 0.1955692 0.1990364 0.1749032 0.2038916 0.2549927 0.2631142 0.2554659 0.2266031 0.2574799 0.2421797 0.2433154 0.2609410 
Anopheles_punctipennis_KR666470.1     0.2694985 0.1753702 0.1773936 0.1798470 0.2495052 0.2330579 0.2380999 0.2343528 0.2445217 0.2001941 0.2487080 0.2073469 0.1686851 0.1686851 0.1686851 0.1686851 0.1686851 0.1686851 0.1686851 0.1701187 0.1862594 0.1780449 0.1762569 0.1752990 0.1211476 0.1211476 0.0000000 0.2426922 0.1977116 0.2251458 0.1792782 0.2020772 0.2401213 0.1241625 0.1732697 0.1451806 0.1230835 0.2131222 0.1241983 0.1649669 0.1801755 0.1862594 0.1267563 0.1786814 0.2548108 0.2377910 0.2066379 0.2257401 0.2285554 0.2516686 0.2073469 0.2509018 
Aedes_busckii_MN626443.1              0.2727004 0.2980345 0.2950892 0.3119532 0.2379063 0.2145118 0.2140617 0.2125590 0.2236923 0.1742665 0.1850268 0.1589063 0.2181617 0.2326492 0.2190327 0.2322136 0.2229871 0.2309821 0.2181617 0.2331569 0.2184024 0.1994231 0.2396877 0.2267633 0.2815253 0.2815253 0.2426922 0.0000000 0.1723836 0.1758845 0.2431695 0.1631238 0.1609371 0.2351771 0.2663913 0.2248448 0.2572163 0.3372951 0.2246511 0.1949452 0.2096191 0.2184024 0.1876656 0.2293510 0.2591636 0.1947784 0.1876080 0.2176112 0.2209745 0.2515941 0.1589063 0.2370803 
Aedes_japonicus_KF211494.1            0.2726352 0.2710777 0.2738116 0.2866777 0.1676243 0.1528745 0.1600178 0.1575558 0.1605473 0.0014091 0.1818661 0.1743301 0.2001825 0.1806486 0.2001825 0.1806486 0.1951238 0.1771604 0.2001825 0.2045784 0.1814028 0.1865569 0.2061240 0.1933264 0.2136450 0.2136450 0.1977116 0.1723836 0.0000000 0.1434194 0.2242409 0.1401648 0.1769992 0.1851696 0.2054974 0.2163306 0.2301279 0.2788915 0.2060281 0.1901079 0.1835470 0.1814028 0.1712145 0.1906704 0.2072904 0.2254652 0.1914844 0.2003715 0.1874030 0.2080742 0.1743301 0.2159414 
Aedes_tortilis_JX259682.1             0.2173065 0.1851040 0.1871922 0.1898658 0.1869178 0.1731082 0.1762956 0.1794483 0.1756044 0.1451871 0.1933701 0.1013155 0.1779622 0.1779622 0.1779622 0.1779622 0.1779622 0.1779622 0.1779622 0.1821809 0.1835682 0.1629458 0.1948883 0.1763036 0.2568202 0.2568202 0.2251458 0.1758845 0.1434194 0.0000000 0.1943063 0.1312133 0.1249148 0.2413878 0.2286505 0.2293858 0.1928219 0.2986088 0.2034379 0.1656093 0.1832824 0.1835682 0.1671448 0.1838913 0.2567151 0.1706251 0.1540672 0.1692754 0.1948488 0.1714372 0.1013155 0.2328452 
Aedes_vexans_MH032639                 0.3053325 0.2838251 0.2810259 0.2810478 0.2533349 0.2350467 0.2347673 0.2320018 0.2444594 0.2265770 0.2256276 0.2347745 0.2091034 0.2173473 0.2098991 0.2169572 0.2100309 0.2160101 0.2091034 0.2152748 0.2211959 0.2199842 0.2090374 0.2068370 0.1894394 0.1894394 0.1792782 0.2431695 0.2242409 0.1943063 0.0000000 0.1914718 0.2422135 0.1912336 0.1700542 0.1512740 0.1678386 0.2096546 0.1309405 0.2066668 0.2233081 0.2211959 0.1995380 0.2049065 0.2544368 0.2368844 0.2304091 0.2397606 0.2437265 0.2413051 0.2347745 0.2370881 
Aedes_vexans_KP954638.1               0.1897351 0.1829321 0.1848016 0.1917634 0.1387574 0.1244490 0.1319824 0.1294272 0.1366773 0.1423974 0.1567329 0.1420528 0.1549359 0.1501997 0.1549359 0.1501997 0.1564968 0.1501997 0.1549359 0.1579822 0.1744861 0.1652065 0.1909657 0.1789114 0.2311496 0.2311496 0.2020772 0.1631238 0.1401648 0.1312133 0.1914718 0.0000000 0.1384381 0.2104013 0.2052190 0.1852610 0.2032048 0.2640845 0.1884984 0.1569929 0.1766768 0.1744861 0.1439332 0.1583387 0.2400260 0.1684802 0.1343600 0.1550995 0.1509540 0.1771128 0.1420528 0.2269719 
Aedes_triseriatus_MG242523.1          0.2699730 0.2651600 0.2567106 0.2651139 0.2120643 0.2004530 0.2050837 0.2021326 0.2042447 0.1793626 0.1970403 0.1150770 0.2088511 0.2187424 0.2088511 0.2187424 0.2088511 0.2204447 0.2088511 0.2230358 0.1920611 0.1780398 0.2147810 0.1964303 0.2572161 0.2572161 0.2401213 0.1609371 0.1769992 0.1249148 0.2422135 0.1384381 0.0000000 0.2359897 0.2404579 0.1986850 0.2262451 0.3071738 0.2290804 0.1725763 0.1890422 0.1920611 0.1788154 0.2238410 0.2786684 0.1722617 0.1701849 0.1626260 0.1915703 0.1941777 0.1150770 0.2400533 
Anopheles_crucians_MT040812.1         0.2782844 0.2266436 0.2161379 0.2268351 0.2474665 0.2272833 0.2382431 0.2345586 0.2445585 0.1875624 0.2509459 0.2009507 0.2049885 0.2025769 0.2049885 0.2025769 0.2058202 0.2025769 0.2049885 0.2108140 0.1956706 0.1945837 0.1847466 0.1776132 0.1336613 0.1336613 0.1241625 0.2351771 0.1851696 0.2413878 0.1912336 0.2104013 0.2359897 0.0000000 0.1725531 0.1754833 0.1755780 0.1856606 0.1818355 0.1971074 0.1953728 0.1956706 0.1674664 0.1995378 0.2695989 0.2373703 0.2337876 0.2368527 0.2524973 0.2657250 0.2009507 0.2447535 
Anopheles_albimanus_KC354824          0.3126360 0.2650150 0.2580832 0.2640833 0.2418120 0.2198951 0.2194737 0.2135799 0.2292938 0.2078961 0.2335001 0.1898131 0.1940371 0.1945793 0.1947769 0.1942292 0.1944457 0.1936197 0.1940371 0.1972720 0.1715377 0.1790442 0.1953737 0.1952601 0.1709413 0.1709413 0.1732697 0.2663913 0.2054974 0.2286505 0.1700542 0.2052190 0.2404579 0.1725531 0.0000000 0.1630448 0.1513910 0.1900765 0.1727617 0.1712400 0.1639871 0.1715377 0.1555924 0.1874246 0.2338746 0.2337627 0.2216175 0.2096736 0.2398783 0.2630173 0.1898131 0.3105204 
Anopheles_funestus_MT917175           0.2479893 0.2362080 0.2296923 0.2331621 0.2417190 0.2162149 0.2157886 0.2131152 0.2250610 0.2185767 0.1848369 0.2013576 0.1657399 0.1714334 0.1663454 0.1711307 0.1652048 0.1708578 0.1657399 0.1708889 0.1391353 0.1463241 0.2125507 0.2153796 0.1583147 0.1583147 0.1451806 0.2248448 0.2163306 0.2293858 0.1512740 0.1852610 0.1986850 0.1754833 0.1630448 0.0000000 0.1201522 0.2155960 0.1334231 0.1370962 0.1364140 0.1391353 0.1590122 0.1801231 0.2082891 0.2093706 0.1758102 0.1401681 0.1807185 0.1814043 0.2013576 0.2385363 
Anopheles_gambiae_MG753769            0.3027072 0.2651871 0.2583372 0.2642683 0.2549100 0.2321443 0.2318033 0.2258052 0.2346279 0.2324674 0.2247333 0.1779450 0.1950134 0.1985191 0.1957475 0.1981663 0.1954496 0.2003523 0.1950134 0.1940959 0.1768336 0.1806601 0.1901448 0.1928783 0.1706911 0.1706911 0.1230835 0.2572163 0.2301279 0.1928219 0.1678386 0.2032048 0.2262451 0.1755780 0.1513910 0.1201522 0.0000000 0.1940142 0.1211562 0.1702492 0.1744314 0.1768336 0.1609294 0.1796311 0.2437777 0.2111733 0.1971733 0.2003061 0.2191082 0.2191695 0.1779450 0.2828643 
Anopheles_pseudopunctipennis_KC354820 0.3427400 0.3229342 0.3125635 0.3208293 0.2825703 0.2743798 0.2632077 0.2569734 0.2695064 0.2814211 0.2726411 0.2722624 0.2421948 0.2577075 0.2431384 0.2572433 0.2475358 0.2556617 0.2421948 0.2468759 0.2346210 0.2169415 0.2186281 0.2159467 0.2029251 0.2029251 0.2131222 0.3372951 0.2788915 0.2986088 0.2096546 0.2640845 0.3071738 0.1856606 0.1900765 0.2155960 0.1940142 0.0000000 0.1901905 0.2335622 0.2319775 0.2346210 0.2122055 0.2236463 0.3293472 0.2531303 0.2799571 0.2494597 0.2942360 0.3055797 0.2722624 0.3037474 
Anopheles_stephensi_KT899888          0.3158477 0.2743748 0.2656368 0.2699610 0.2585069 0.2310005 0.2275425 0.2247930 0.2403812 0.2082511 0.2353080 0.1893525 0.1944568 0.2080102 0.1951998 0.2076309 0.1977906 0.2068120 0.1944568 0.2044616 0.1753490 0.1778560 0.2182823 0.2057511 0.1438169 0.1438169 0.1241983 0.2246511 0.2060281 0.2034379 0.1309405 0.1884984 0.2290804 0.1818355 0.1727617 0.1334231 0.1211562 0.1901905 0.0000000 0.1726847 0.1722089 0.1753490 0.1598996 0.1882907 0.2584668 0.2064966 0.2075520 0.2076668 0.2194315 0.1967613 0.1893525 0.2677106 
Culex_nigripalpus_NC_037823.1         0.2542534 0.1213559 0.1119362 0.1202948 0.2087741 0.1884140 0.1849788 0.1824169 0.1968797 0.1921793 0.1826465 0.1342539 0.0679823 0.0765370 0.0681992 0.0764105 0.0687349 0.0772585 0.0679823 0.0703814 0.0498207 0.0350406 0.1545584 0.1543191 0.1992231 0.1992231 0.1649669 0.1949452 0.1901079 0.1656093 0.2066668 0.1569929 0.1725763 0.1971074 0.1712400 0.1370962 0.1702492 0.2335622 0.1726847 0.0000000 0.0481203 0.0498207 0.0681022 0.0837484 0.1716038 0.1958925 0.1445786 0.1472559 0.1531882 0.1783125 0.1342539 0.2020698 
Culex_usquatissimus_NC_036007.1       0.2536071 0.1348951 0.1209153 0.1295446 0.2259036 0.2065007 0.2030681 0.2004506 0.2152459 0.1855067 0.1872677 0.1398747 0.0754624 0.0883703 0.0757060 0.0882234 0.0764981 0.0889516 0.0754624 0.0803104 0.0042469 0.0515308 0.1577272 0.1570020 0.1955692 0.1955692 0.1801755 0.2096191 0.1835470 0.1832824 0.2233081 0.1766768 0.1890422 0.1953728 0.1639871 0.1364140 0.1744314 0.2319775 0.1722089 0.0481203 0.0000000 0.0042469 0.0881080 0.0978532 0.1981946 0.2161629 0.1552386 0.1450759 0.1543190 0.1774166 0.1398747 0.2271753 
Culex_coronator_NC_036006.1           0.2512032 0.1315064 0.1176021 0.1247392 0.2262554 0.2043157 0.2008771 0.1982612 0.2130427 0.1833501 0.1897731 0.1421618 0.0733904 0.0822806 0.0736258 0.0821445 0.0743441 0.0829338 0.0733904 0.0761882 0.0000010 0.0553727 0.1579570 0.1572298 0.1990364 0.1990364 0.1862594 0.2184024 0.1814028 0.1835682 0.2211959 0.1744861 0.1920611 0.1956706 0.1715377 0.1391353 0.1768336 0.2346210 0.1753490 0.0498207 0.0042469 0.0000000 0.0900350 0.0998397 0.2017689 0.2165090 0.1532195 0.1506855 0.1567137 0.1776920 0.1421618 0.2249999 
Culex_sitiens_NC_054318               0.2564596 0.1442783 0.1384578 0.1421141 0.2029548 0.1857138 0.1794397 0.1741567 0.1941956 0.1731081 0.1788331 0.1318004 0.0938743 0.1020924 0.0941880 0.1019193 0.0935174 0.1046710 0.0938743 0.0938781 0.0900350 0.0811402 0.1386250 0.1334481 0.1749032 0.1749032 0.1267563 0.1876656 0.1712145 0.1671448 0.1995380 0.1439332 0.1788154 0.1674664 0.1555924 0.1590122 0.1609294 0.2122055 0.1598996 0.0681022 0.0881080 0.0900350 0.0000000 0.0893398 0.1973229 0.2004114 0.1359426 0.1629776 0.1604648 0.1686363 0.1318004 0.2142008 
Culex_tritaeniorhynchus_KT852976      0.2735656 0.1457735 0.1354828 0.1441817 0.2147574 0.1983450 0.1951310 0.1897225 0.2070353 0.1927104 0.2020163 0.1662261 0.0908159 0.0986480 0.0911229 0.0984792 0.0924951 0.1012750 0.0908159 0.0885241 0.0998397 0.1006418 0.1662517 0.1702523 0.2038916 0.2038916 0.1786814 0.2293510 0.1906704 0.1838913 0.2049065 0.1583387 0.2238410 0.1995378 0.1874246 0.1801231 0.1796311 0.2236463 0.1882907 0.0837484 0.0978532 0.0998397 0.0893398 0.0000000 0.2342029 0.1990414 0.1853641 0.1868434 0.1683324 0.1708919 0.1662261 0.2407520 
Deinocerites_magnus_MH376751.1        0.3502631 0.2780218 0.2806463 0.2935771 0.2303806 0.2040398 0.2133774 0.2118716 0.2077312 0.2096984 0.2513430 0.2532409 0.2072528 0.1878023 0.2072528 0.1878023 0.2022904 0.1842267 0.2072528 0.2120477 0.2017689 0.1832258 0.2147605 0.2073360 0.2549927 0.2549927 0.2548108 0.2591636 0.2072904 0.2567151 0.2544368 0.2400260 0.2786684 0.2695989 0.2338746 0.2082891 0.2437777 0.3293472 0.2584668 0.1716038 0.1981946 0.2017689 0.1973229 0.2342029 0.0000000 0.2624314 0.2162768 0.2111037 0.2209655 0.2117604 0.2532409 0.2656941 
Psorophora_howardii_MG242538.1        0.2622522 0.2185927 0.2116826 0.2184491 0.2023845 0.1947827 0.1918525 0.1886281 0.1908094 0.2279572 0.2414973 0.1574488 0.2053955 0.2053955 0.2053955 0.2053955 0.2053955 0.2053955 0.2053955 0.2103592 0.2165090 0.2093545 0.2184744 0.2040001 0.2631142 0.2631142 0.2377910 0.1947784 0.2254652 0.1706251 0.2368844 0.1684802 0.1722617 0.2373703 0.2337627 0.2093706 0.2111733 0.2531303 0.2064966 0.1958925 0.2161629 0.2165090 0.2004114 0.1990414 0.2624314 0.0000000 0.1360697 0.1066516 0.1433097 0.1285800 0.1574488 0.2486683 
Psorophora_ferox_MK575485             0.2344098 0.2438335 0.2307326 0.2413625 0.1777503 0.1694426 0.1602483 0.1577702 0.1717685 0.1935055 0.1675934 0.1398299 0.1660159 0.1820875 0.1666278 0.1817629 0.1710962 0.1813380 0.1660159 0.1760528 0.1532195 0.1633570 0.1966090 0.1843124 0.2554659 0.2554659 0.2066379 0.1876080 0.1914844 0.1540672 0.2304091 0.1343600 0.1701849 0.2337876 0.2216175 0.1758102 0.1971733 0.2799571 0.2075520 0.1445786 0.1552386 0.1532195 0.1359426 0.1853641 0.2162768 0.1360697 0.0000000 0.1120791 0.1266122 0.1299463 0.1398299 0.2679916 
Psorophora_pygmaea_JX260116.1         0.2198704 0.1949788 0.1918280 0.1948478 0.1843350 0.1869915 0.1838095 0.1805937 0.1830822 0.2026301 0.1955055 0.1440688 0.1824681 0.1824681 0.1824681 0.1824681 0.1824681 0.1824681 0.1824681 0.1842797 0.1506855 0.1561243 0.1985204 0.1898039 0.2266031 0.2266031 0.2257401 0.2176112 0.2003715 0.1692754 0.2397606 0.1550995 0.1626260 0.2368527 0.2096736 0.1401681 0.2003061 0.2494597 0.2076668 0.1472559 0.1450759 0.1506855 0.1629776 0.1868434 0.2111037 0.1066516 0.1120791 0.0000000 0.0890758 0.1011092 0.1440688 0.2540297 
Psorophora_cingulata_KM592989.1       0.2734703 0.2177434 0.2120754 0.2256510 0.1746689 0.1671085 0.1700417 0.1696028 0.1752858 0.1893647 0.1819439 0.1502157 0.1522600 0.1626561 0.1514170 0.1626561 0.1528802 0.1622062 0.1522600 0.1615728 0.1567137 0.1521295 0.1949070 0.1976634 0.2574799 0.2574799 0.2285554 0.2209745 0.1874030 0.1948488 0.2437265 0.1509540 0.1915703 0.2524973 0.2398783 0.1807185 0.2191082 0.2942360 0.2194315 0.1531882 0.1543190 0.1567137 0.1604648 0.1683324 0.2209655 0.1433097 0.1266122 0.0890758 0.0000000 0.0817048 0.1502157 0.2727794 
Psorophora_confinis_KY859921.1        0.2780695 0.2120040 0.2140297 0.2170196 0.1979700 0.1862956 0.1898599 0.1866092 0.1953337 0.2103754 0.2436280 0.1711486 0.2043563 0.2043563 0.2043563 0.2043563 0.2043563 0.2043563 0.2043563 0.2066495 0.1776920 0.1918961 0.2381944 0.2303370 0.2421797 0.2421797 0.2516686 0.2515941 0.2080742 0.1714372 0.2413051 0.1771128 0.1941777 0.2657250 0.2630173 0.1814043 0.2191695 0.3055797 0.1967613 0.1783125 0.1774166 0.1776920 0.1686363 0.1708919 0.2117604 0.1285800 0.1299463 0.1011092 0.0817048 0.0000000 0.1711486 0.2807078 
Culiseta_annulata_MN626442            0.2595045 0.2406361 0.2211134 0.2348422 0.2416628 0.2205846 0.2169466 0.2142144 0.2296870 0.1762036 0.1862598 0.0000010 0.1578481 0.1783738 0.1584353 0.1780515 0.1626181 0.1776741 0.1578481 0.1697251 0.1421618 0.1476587 0.2176304 0.2115567 0.2433154 0.2433154 0.2073469 0.1589063 0.1743301 0.1013155 0.2347745 0.1420528 0.1150770 0.2009507 0.1898131 0.2013576 0.1779450 0.2722624 0.1893525 0.1342539 0.1398747 0.1421618 0.1318004 0.1662261 0.2532409 0.1574488 0.1398299 0.1440688 0.1502157 0.1711486 0.0000000 0.2726826 
Mansonia_annulata_HQ341635            0.3334503 0.2956360 0.2937653 0.2994133 0.2709875 0.2486141 0.2386691 0.2383106 0.2471040 0.2182729 0.2393357 0.2726826 0.2250484 0.2254920 0.2228621 0.2250878 0.2212483 0.2233751 0.2250484 0.2292941 0.2249999 0.2183596 0.2476419 0.2378525 0.2609410 0.2609410 0.2509018 0.2370803 0.2159414 0.2328452 0.2370881 0.2269719 0.2400533 0.2447535 0.3105204 0.2385363 0.2828643 0.3037474 0.2677106 0.2020698 0.2271753 0.2249999 0.2142008 0.2407520 0.2656941 0.2486683 0.2679916 0.2540297 0.2727794 0.2807078 0.2726826 0.0000000 
