55
AT-HV1                                0.0000000 0.2647290 0.2604018 0.2529006 0.2435060 0.2474985 0.2457385 0.2383238 0.2585299 0.2843409 0.0573446 0.3001253 0.3160604 0.2873934 0.2741741 0.2868160 0.2795671 0.2873934 0.3160604 0.2626584 0.3142433 0.3131736 0.3576475 0.3522526 0.3160604 0.3888666 0.3888666 0.3469437 0.3415238 0.2815998 0.2738065 0.3689726 0.2355360 0.3085249 0.3703719 0.3435903 0.3098458 0.3712777 0.4012020 0.3832325 0.3119493 0.3134085 0.3142433 0.3084750 0.3484775 0.3844921 0.3315257 0.4564476 0.2799184 0.2698795 0.2685026 0.3352893 0.2993234 0.3001253 0.4080476 
AT-HV3                                0.2647290 0.0000000 0.0200888 0.0279924 0.2662054 0.2443779 0.2301445 0.2230489 0.2554900 0.2670631 0.2870409 0.2499955 0.0442183 0.0265691 0.0260255 0.0282919 0.0173588 0.0265691 0.0442183 0.0233377 0.1413136 0.1441625 0.2003411 0.2032169 0.0442183 0.2753880 0.2753880 0.2189099 0.3439552 0.2634718 0.2261498 0.3097970 0.2045793 0.2728335 0.2638019 0.2603808 0.2599862 0.2906476 0.3382450 0.2959247 0.1340817 0.1468209 0.1413136 0.1619282 0.1613053 0.2684139 0.2577062 0.3988881 0.2608295 0.2243496 0.1968700 0.2476309 0.2285497 0.2499955 0.3212292 
AT-JM2                                0.2604018 0.0200888 0.0000000 0.0716964 0.2452324 0.2261450 0.2112689 0.2079580 0.2367873 0.2531540 0.2749382 0.2324376 0.0395866 0.0228806 0.0190426 0.0228413 0.0129604 0.0228806 0.0395866 0.0193588 0.1284139 0.1371384 0.1855973 0.1908190 0.0395866 0.2596196 0.2596196 0.2005393 0.3315849 0.2496955 0.2122378 0.2932276 0.1914527 0.2571241 0.2490107 0.2462610 0.2442489 0.2770998 0.3120568 0.2771184 0.1214524 0.1336553 0.1284139 0.1435069 0.1449778 0.2547814 0.2425135 0.3773945 0.2432020 0.2131524 0.1869293 0.2358470 0.2142377 0.2324376 0.3124063 
AT-WL2                                0.2529006 0.0279924 0.0716964 0.0000000 0.2583682 0.2393889 0.2254502 0.2184670 0.2503472 0.2616845 0.2840180 0.2403680 0.0404010 0.0239001 0.0200957 0.0238597 0.0125504 0.0239001 0.0404010 0.0220843 0.1288013 0.1375071 0.1986365 0.1988225 0.0404010 0.2709917 0.2709917 0.2002530 0.3419649 0.2581414 0.2138295 0.2987007 0.1928352 0.2592853 0.2465588 0.2461147 0.2417850 0.2741054 0.3085929 0.2835490 0.1218614 0.1340294 0.1288013 0.1485259 0.1500181 0.2631429 0.2444923 0.3736210 0.2512479 0.2147765 0.1951201 0.2377181 0.2158891 0.2403680 0.3137377 
Aedes_aegypti_MN299002.1              0.2435060 0.2662054 0.2452324 0.2583682 0.0000000 0.0075169 0.0076789 0.0091673 0.0075329 0.1802262 0.1838995 0.2608114 0.2196217 0.1997505 0.2144536 0.1993745 0.2084256 0.1997505 0.2196217 0.2131289 0.2402876 0.2405635 0.2415575 0.2417978 0.2196217 0.3034229 0.3034229 0.2703632 0.2553925 0.1775293 0.1989898 0.2755860 0.1439907 0.2258545 0.2657226 0.2655217 0.2620229 0.2797780 0.3087008 0.2806959 0.2209017 0.2396595 0.2402876 0.2160054 0.2291932 0.2497938 0.2147599 0.3967752 0.1915714 0.1948678 0.1849892 0.2107556 0.2427295 0.2608114 0.2926848 
Aedes_aegypti_MK300221.1              0.2474985 0.2443779 0.2261450 0.2393889 0.0075169 0.0000000 0.0073082 0.0088175 0.0071757 0.1637093 0.1695664 0.2342096 0.1999193 0.1793840 0.1999193 0.1793840 0.1939145 0.1759449 0.1999193 0.2015771 0.2167020 0.2188021 0.2282570 0.2259466 0.1999193 0.2659887 0.2659887 0.2521104 0.2298330 0.1612895 0.1837996 0.2528202 0.1286889 0.2125829 0.2433288 0.2387918 0.2303140 0.2507032 0.2967042 0.2480109 0.1990831 0.2187431 0.2167020 0.1974021 0.2113264 0.2198402 0.2066833 0.3966772 0.1805886 0.1979957 0.1764874 0.1977750 0.2310592 0.2342096 0.2674062 
Aedes_aegypti_MN298992.1              0.2457385 0.2301445 0.2112689 0.2254502 0.0076789 0.0073082 0.0000000 0.0014555 0.0028899 0.1717482 0.1682545 0.2303214 0.1953898 0.1882650 0.1953898 0.1882650 0.1974274 0.1845310 0.1953898 0.1967392 0.2123496 0.2148544 0.2322066 0.2298876 0.1953898 0.2642709 0.2642709 0.2566279 0.2286328 0.1691869 0.1874223 0.2509686 0.1369465 0.2175303 0.2552233 0.2376039 0.2291648 0.2495542 0.2829172 0.2427226 0.1947973 0.2143977 0.2123496 0.1900497 0.2065066 0.2293036 0.2025648 0.4033167 0.1698632 0.1943830 0.1797937 0.2010287 0.2379759 0.2303214 0.2550427 
Aedes_aegypti_MN298993.1              0.2383238 0.2230489 0.2079580 0.2184670 0.0091673 0.0088175 0.0014555 0.0000000 0.0043580 0.1689016 0.1654977 0.2271358 0.1924128 0.1824424 0.1924128 0.1824424 0.1969631 0.1816081 0.1924128 0.1904464 0.2093245 0.2085551 0.2282570 0.2259466 0.1924128 0.2643295 0.2643295 0.2522893 0.2264574 0.1663678 0.1910067 0.2477268 0.1341359 0.2141104 0.2509322 0.2309218 0.2260678 0.2427567 0.2758266 0.2395036 0.1918552 0.2113729 0.2093245 0.1841779 0.2005130 0.2271380 0.1989051 0.3972664 0.1670391 0.1907321 0.1791810 0.1973367 0.2337438 0.2271358 0.2542581 
Aedes_aegypti_MK300224.1              0.2585299 0.2554900 0.2367873 0.2503472 0.0075329 0.0071757 0.0028899 0.0043580 0.0000000 0.1722707 0.1782191 0.2452206 0.2094973 0.1884244 0.2094973 0.1884244 0.2034089 0.1847718 0.2094973 0.2118183 0.2264460 0.2295002 0.2387603 0.2285590 0.2094973 0.2840648 0.2840648 0.2645838 0.2402260 0.1697626 0.1864058 0.2634401 0.1419829 0.2163020 0.2630969 0.2494889 0.2409570 0.2541054 0.2913719 0.2585975 0.2084929 0.2284949 0.2264460 0.2068720 0.2210003 0.2234093 0.2019212 0.4130717 0.1830240 0.1933229 0.1855038 0.2078095 0.2449759 0.2452206 0.2655515 
Aedes_albopictus_KF211505             0.2843409 0.2670631 0.2531540 0.2616845 0.1802262 0.1637093 0.1717482 0.1689016 0.1722707 0.0000000 0.1965178 0.1872264 0.2186636 0.1966155 0.2186636 0.1966155 0.2123646 0.1926793 0.2186636 0.2243655 0.1949951 0.2032817 0.2261178 0.2128453 0.2186636 0.2342430 0.2342430 0.2146116 0.1853031 0.0014123 0.1558968 0.2442136 0.1503654 0.1914387 0.1988599 0.2236923 0.2344320 0.2498676 0.3054021 0.2243859 0.2058555 0.1970376 0.1949951 0.1849518 0.2051900 0.2278235 0.2445428 0.3391059 0.2068825 0.2160871 0.1986943 0.2224826 0.2521682 0.1872264 0.2335123 
Aedes_albopictus_MN513368             0.0573446 0.2870409 0.2749382 0.2840180 0.1838995 0.1695664 0.1682545 0.1654977 0.1782191 0.1965178 0.0000000 0.1562357 0.1949846 0.2038140 0.1951125 0.2034248 0.1983124 0.2027460 0.1948177 0.2105620 0.2127293 0.1917209 0.2647846 0.2558067 0.1948177 0.2472422 0.2472422 0.2694132 0.1868668 0.1941166 0.2059246 0.2504103 0.1631047 0.2103003 0.2727319 0.2317197 0.1970036 0.2449060 0.2569204 0.2510348 0.2057225 0.2044020 0.2127293 0.1909306 0.2268697 0.2728450 0.2612777 0.3866549 0.1774912 0.2082170 0.1906764 0.2598947 0.2316465 0.1562357 0.2255778 
Aedes_taeniorhynchus_MN626442.1       0.3001253 0.2499955 0.2324376 0.2403680 0.2608114 0.2342096 0.2303214 0.2271358 0.2452206 0.1872264 0.1562357 0.0000000 0.1449885 0.1891731 0.1455396 0.1888172 0.1702377 0.1883659 0.1448678 0.1802425 0.1438184 0.1401329 0.2327562 0.2254878 0.1448678 0.2358061 0.2358061 0.2214299 0.1436305 0.1846148 0.1048752 0.2465567 0.1492737 0.1214159 0.2152720 0.1897966 0.1909232 0.2069657 0.2515831 0.1939028 0.1399652 0.1378011 0.1438184 0.1280471 0.1575125 0.2716974 0.1661222 0.3220827 0.1294590 0.1495664 0.1548673 0.1782928 0.2145222 0.0000010 0.2287107 
Culex_pipiens_KP293422.1              0.3160604 0.0442183 0.0395866 0.0404010 0.2196217 0.1999193 0.1953898 0.1924128 0.2094973 0.2186636 0.1949846 0.1449885 0.0000000 0.0089388 0.0000010 0.0089245 0.0000010 0.0103207 0.0000010 0.0000010 0.0722260 0.0811581 0.1713190 0.1690999 0.0000010 0.2129281 0.2129281 0.1779377 0.2007664 0.2156115 0.1897695 0.2119201 0.1639372 0.2226757 0.2170469 0.1991588 0.1799574 0.2042604 0.2304701 0.2058895 0.0750938 0.0727876 0.0722260 0.0906511 0.0946586 0.2209582 0.2185152 0.3517456 0.1542435 0.1929733 0.1587634 0.2150623 0.1912260 0.1449885 0.2212560 
Culex_pipiens_MK714012.1              0.2873934 0.0265691 0.0228806 0.0239001 0.1997505 0.1793840 0.1882650 0.1824424 0.1884244 0.1966155 0.2038140 0.1891731 0.0089388 0.0000000 0.0089388 0.0000010 0.0044858 0.0000010 0.0089388 0.0046195 0.0845509 0.0879989 0.1713190 0.1690999 0.0089388 0.2137909 0.2137909 0.1779377 0.2522338 0.1937769 0.1897695 0.2330848 0.1589822 0.2332130 0.2145586 0.2079061 0.1816216 0.2110141 0.2787757 0.2227352 0.0785547 0.0909572 0.0845509 0.1055833 0.1035497 0.1993798 0.2185152 0.3517456 0.1925752 0.1929733 0.1707527 0.2150623 0.1912260 0.1891731 0.2420028 
Culex_pipiens_KP293425.1              0.2741741 0.0260255 0.0190426 0.0200957 0.2144536 0.1999193 0.1953898 0.1924128 0.2094973 0.2186636 0.1951125 0.1455396 0.0000010 0.0089388 0.0000000 0.0089245 0.0000010 0.0103207 0.0000010 0.0000010 0.0730844 0.0812471 0.1713190 0.1690999 0.0000010 0.2149700 0.2149700 0.1779377 0.2021877 0.2156115 0.1897695 0.2139434 0.1639372 0.2226757 0.2170469 0.1991167 0.1814618 0.2061399 0.2305993 0.2078373 0.0759833 0.0736571 0.0730844 0.0917684 0.0958483 0.2209582 0.2185152 0.3517456 0.1542261 0.1929733 0.1587634 0.2150623 0.1912260 0.1455396 0.2214111 
Culex_pipiens_MK714001.1              0.2868160 0.0282919 0.0228413 0.0238597 0.1993745 0.1793840 0.1882650 0.1824424 0.1884244 0.1966155 0.2034248 0.1888172 0.0089245 0.0000010 0.0089245 0.0000000 0.0044858 0.0000010 0.0089245 0.0046118 0.0844036 0.0878430 0.1713190 0.1690999 0.0089245 0.2134017 0.2134017 0.1779377 0.2517459 0.1937769 0.1897695 0.2326556 0.1589822 0.2332130 0.2145586 0.2075186 0.1812889 0.2106257 0.2782636 0.2223145 0.0784179 0.0907980 0.0844036 0.1053948 0.1033632 0.1993798 0.2185152 0.3517456 0.1922185 0.1929733 0.1707527 0.2150623 0.1912260 0.1888172 0.2415548 
Culex_quinquefasciatus_MW509603       0.2795671 0.0173588 0.0129604 0.0125504 0.2084256 0.1939145 0.1974274 0.1969631 0.2034089 0.2123646 0.1983124 0.1702377 0.0000010 0.0044858 0.0000010 0.0044858 0.0000000 0.0059189 0.0000010 0.0000010 0.0773559 0.0807399 0.1730703 0.1708281 0.0000010 0.2012888 0.2012888 0.1779377 0.2385933 0.2093495 0.1897695 0.2244808 0.1656357 0.2226757 0.2179463 0.2050927 0.1726230 0.2050612 0.2667231 0.2086457 0.0696995 0.0777593 0.0773559 0.0955184 0.0960499 0.2148108 0.2185152 0.3517456 0.1786275 0.1929733 0.1603405 0.2150623 0.1912260 0.1702377 0.2375300 
Culex_quinquefasciatus_MH463059.1     0.2873934 0.0265691 0.0228806 0.0239001 0.1997505 0.1759449 0.1845310 0.1816081 0.1847718 0.1926793 0.2027460 0.1883659 0.0103207 0.0000010 0.0103207 0.0000010 0.0059189 0.0000000 0.0103207 0.0046195 0.0852344 0.0908081 0.1713190 0.1690999 0.0103207 0.2095618 0.2095618 0.1779377 0.2502693 0.1899186 0.1897695 0.2315531 0.1589822 0.2350462 0.2145586 0.2067939 0.1809581 0.2129425 0.2764244 0.2213494 0.0793084 0.0915664 0.0852344 0.1083056 0.1063085 0.1954897 0.2185152 0.3517456 0.1917262 0.1929733 0.1702439 0.2150623 0.1912260 0.1883659 0.2394744 
Culex_quinquefasciatus_MN389462.1     0.3160604 0.0442183 0.0395866 0.0404010 0.2196217 0.1999193 0.1953898 0.1924128 0.2094973 0.2186636 0.1948177 0.1448678 0.0000010 0.0089388 0.0000010 0.0089245 0.0000010 0.0103207 0.0000000 0.0000010 0.0721702 0.0810941 0.1713190 0.1690999 0.0000010 0.2127491 0.2127491 0.1779377 0.2005937 0.2156115 0.1897695 0.2117421 0.1639372 0.2226757 0.2170469 0.1991588 0.1798055 0.2040901 0.2304701 0.2057143 0.0750361 0.0727311 0.0721702 0.0905802 0.0945836 0.2209582 0.2185152 0.3517456 0.1541164 0.1929733 0.1587634 0.2150623 0.1912260 0.1448678 0.2212560 
Culex_quinquefasciatus_MN005046.1     0.2626584 0.0233377 0.0193588 0.0220843 0.2131289 0.2015771 0.1967392 0.1904464 0.2118183 0.2243655 0.2105620 0.1802425 0.0000010 0.0046195 0.0000010 0.0046118 0.0000010 0.0046195 0.0000010 0.0000000 0.0773690 0.0806615 0.1717291 0.1743225 0.0000010 0.2137952 0.2137952 0.1796281 0.2537220 0.2210741 0.1944426 0.2307561 0.1675451 0.2383631 0.2235572 0.2108394 0.1813668 0.2065907 0.2666509 0.2186701 0.0713902 0.0816695 0.0773690 0.0958932 0.0919460 0.2266674 0.2240037 0.3537483 0.1863330 0.1951229 0.1699413 0.2177121 0.1960329 0.1802425 0.2470510 
Culex_tarsalis_NC_036006.1            0.3142433 0.1413136 0.1284139 0.1288013 0.2402876 0.2167020 0.2123496 0.2093245 0.2264460 0.1949951 0.2127293 0.1438184 0.0722260 0.0845509 0.0730844 0.0844036 0.0773559 0.0852344 0.0721702 0.0773690 0.0000000 0.0663272 0.1654029 0.1644931 0.0721702 0.2213350 0.2213350 0.1966760 0.2052633 0.1922719 0.1930968 0.2204124 0.1830720 0.2045750 0.2064497 0.1809951 0.1617585 0.1885611 0.2207869 0.2035529 0.0636700 0.0094915 0.0000010 0.0904307 0.0930433 0.2142290 0.2301074 0.3393176 0.1535606 0.1580626 0.1644603 0.1853445 0.2018383 0.1438184 0.2324938 
Culex_tarsalis_AF425847               0.3131736 0.1441625 0.1371384 0.1375071 0.2405635 0.2188021 0.2148544 0.2085551 0.2295002 0.2032817 0.1917209 0.1401329 0.0811581 0.0879989 0.0812471 0.0878430 0.0807399 0.0908081 0.0810941 0.0806615 0.0663272 0.0000000 0.1652759 0.1593587 0.0810941 0.2109974 0.2109974 0.1885386 0.2012037 0.2003423 0.1714200 0.2274193 0.1739166 0.1890180 0.2056001 0.1938832 0.1644384 0.2042598 0.2095856 0.2002830 0.0531496 0.0620654 0.0663272 0.0820142 0.0998126 0.1939714 0.2220852 0.2969542 0.1767540 0.1638254 0.1577920 0.2016518 0.1978573 0.1401329 0.2174433 
Culex_erraticus_MH129001              0.3576475 0.2003411 0.1855973 0.1986365 0.2415575 0.2282570 0.2322066 0.2282570 0.2387603 0.2261178 0.2647846 0.2327562 0.1713190 0.1713190 0.1713190 0.1713190 0.1730703 0.1713190 0.1713190 0.1717291 0.1654029 0.1652759 0.0000000 0.0106986 0.1713190 0.1927954 0.1927954 0.1862109 0.2590881 0.2228926 0.2077511 0.2217566 0.2011101 0.2329817 0.1963420 0.2095194 0.2258515 0.2024740 0.2360304 0.2329955 0.1634724 0.1650141 0.1654029 0.1456106 0.1766075 0.2293755 0.2348158 0.3692798 0.2089079 0.2118575 0.2053289 0.2523050 0.2054766 0.2327562 0.2692015 
Culex_erraticus_MH128999.1            0.3522526 0.2032169 0.1908190 0.1988225 0.2417978 0.2259466 0.2298876 0.2259466 0.2285590 0.2128453 0.2558067 0.2254878 0.1690999 0.1690999 0.1690999 0.1690999 0.1708281 0.1690999 0.1690999 0.1743225 0.1644931 0.1593587 0.0106986 0.0000000 0.1690999 0.1960377 0.1960377 0.1858084 0.2450031 0.2096859 0.1871653 0.2195183 0.1886651 0.2121663 0.1889873 0.2094594 0.2287624 0.2053078 0.2322425 0.2200955 0.1623619 0.1641081 0.1644931 0.1400892 0.1805372 0.2217917 0.2183176 0.3648667 0.1962211 0.2013611 0.2081785 0.2442205 0.1970478 0.2254878 0.2573133 
Culex_erraticus_MN389459              0.3160604 0.0442183 0.0395866 0.0404010 0.2196217 0.1999193 0.1953898 0.1924128 0.2094973 0.2186636 0.1948177 0.1448678 0.0000010 0.0089388 0.0000010 0.0089245 0.0000010 0.0103207 0.0000010 0.0000010 0.0721702 0.0810941 0.1713190 0.1690999 0.0000000 0.2127491 0.2127491 0.1779377 0.2005937 0.2156115 0.1897695 0.2117421 0.1639372 0.2226757 0.2170469 0.1991588 0.1798055 0.2040901 0.2304701 0.2057143 0.0750361 0.0727311 0.0721702 0.0905802 0.0945836 0.2209582 0.2185152 0.3517456 0.1541164 0.1929733 0.1587634 0.2150623 0.1912260 0.1448678 0.2212560 
Anopheles_quadrimaculatus_L04272      0.3888666 0.2753880 0.2596196 0.2709917 0.3034229 0.2659887 0.2642709 0.2643295 0.2840648 0.2342430 0.2472422 0.2358061 0.2129281 0.2137909 0.2149700 0.2134017 0.2012888 0.2095618 0.2127491 0.2137952 0.2213350 0.2109974 0.1927954 0.1960377 0.2127491 0.0000000 0.0000010 0.1283718 0.3089301 0.2317265 0.2786902 0.1947758 0.2472243 0.2810714 0.1404474 0.1803794 0.1678538 0.1887851 0.1912160 0.1726046 0.2177436 0.2218362 0.2213350 0.2079805 0.2374929 0.2762177 0.2838200 0.4437665 0.2616093 0.2433906 0.2737814 0.2602448 0.2343484 0.2358061 0.2944276 
Anopheles_quadrimaculatus_L04272.1    0.3888666 0.2753880 0.2596196 0.2709917 0.3034229 0.2659887 0.2642709 0.2643295 0.2840648 0.2342430 0.2472422 0.2358061 0.2129281 0.2137909 0.2149700 0.2134017 0.2012888 0.2095618 0.2127491 0.2137952 0.2213350 0.2109974 0.1927954 0.1960377 0.2127491 0.0000010 0.0000000 0.1283718 0.3089301 0.2317265 0.2786902 0.1947758 0.2472243 0.2810714 0.1404474 0.1803794 0.1678538 0.1887851 0.1912160 0.1726046 0.2177436 0.2218362 0.2213350 0.2079805 0.2374929 0.2762177 0.2838200 0.4437665 0.2616093 0.2433906 0.2737814 0.2602448 0.2343484 0.2358061 0.2944276 
Anopheles_punctipennis_KR666470.1     0.3469437 0.2189099 0.2005393 0.2002530 0.2703632 0.2521104 0.2566279 0.2522893 0.2645838 0.2146116 0.2694132 0.2214299 0.1779377 0.1779377 0.1779377 0.1779377 0.1779377 0.1779377 0.1779377 0.1796281 0.1966760 0.1885386 0.1862109 0.1858084 0.1779377 0.1283718 0.1283718 0.0000000 0.2625291 0.2120402 0.2435410 0.1887504 0.2152427 0.2610845 0.1299901 0.1855192 0.1526825 0.1283581 0.2285065 0.1313700 0.1741602 0.1899851 0.1966760 0.1340767 0.1892358 0.2736584 0.2560223 0.4342513 0.2193858 0.2418647 0.2433707 0.2713152 0.2515606 0.2214299 0.2702483 
Aedes_busckii_MN626443.1              0.3415238 0.3439552 0.3315849 0.3419649 0.2553925 0.2298330 0.2286328 0.2264574 0.2402260 0.1853031 0.1868668 0.1436305 0.2007664 0.2522338 0.2021877 0.2517459 0.2385933 0.2502693 0.2005937 0.2537220 0.2052633 0.2012037 0.2590881 0.2450031 0.2005937 0.3089301 0.3089301 0.2625291 0.0000000 0.1826366 0.1889404 0.2700524 0.1724557 0.1737095 0.2551591 0.2645850 0.2493737 0.2801324 0.3167934 0.2528948 0.2019360 0.1996746 0.2052633 0.1894413 0.2344048 0.2805562 0.2085329 0.2763394 0.2001361 0.2336983 0.2324449 0.2685569 0.2318544 0.1436305 0.2199050 
Aedes_japonicus_KF211494.1            0.2815998 0.2634718 0.2496955 0.2581414 0.1775293 0.1612895 0.1691869 0.1663678 0.1697626 0.0014123 0.1941166 0.1846148 0.2156115 0.1937769 0.2156115 0.1937769 0.2093495 0.1899186 0.2156115 0.2210741 0.1922719 0.2003423 0.2228926 0.2096859 0.2156115 0.2317265 0.2317265 0.2120402 0.1826366 0.0000000 0.1533382 0.2410070 0.1480307 0.1889973 0.1963725 0.2211991 0.2313513 0.2466715 0.3027743 0.2212698 0.2029569 0.1943069 0.1922719 0.1822609 0.2023527 0.2253502 0.2411440 0.3361527 0.2040817 0.2129732 0.1960050 0.2193501 0.2493983 0.1846148 0.2311042 
Aedes_tortilis_JX259682.1             0.2738065 0.2261498 0.2122378 0.2138295 0.1989898 0.1837996 0.1874223 0.1910067 0.1864058 0.1558968 0.2059246 0.1048752 0.1897695 0.1897695 0.1897695 0.1897695 0.1897695 0.1897695 0.1897695 0.1944426 0.1930968 0.1714200 0.2077511 0.1871653 0.1897695 0.2786902 0.2786902 0.2435410 0.1889404 0.1533382 0.0000000 0.2049024 0.1388741 0.1323211 0.2589614 0.2456552 0.2438704 0.2042188 0.3227003 0.2172061 0.1742868 0.1926017 0.1930968 0.1762758 0.1959905 0.2764997 0.1815105 0.2873360 0.1629386 0.1766691 0.2035889 0.1787495 0.2134986 0.1048752 0.2522855 
Aedes_vexans_MH032639                 0.3689726 0.3097970 0.2932276 0.2987007 0.2755860 0.2528202 0.2509686 0.2477268 0.2634401 0.2442136 0.2504103 0.2465567 0.2119201 0.2330848 0.2139434 0.2326556 0.2244808 0.2315531 0.2117421 0.2307561 0.2204124 0.2274193 0.2217566 0.2195183 0.2117421 0.1947758 0.1947758 0.1887504 0.2700524 0.2410070 0.2049024 0.0000000 0.2011490 0.2590583 0.2006498 0.1656704 0.1748007 0.1748369 0.1958515 0.1580657 0.2113863 0.2280173 0.2204124 0.1955853 0.2280493 0.2747119 0.2552027 0.3898778 0.2518964 0.2561040 0.2588467 0.2542681 0.2445088 0.2465567 0.2508419 
Aedes_vexans_KP954638.1               0.2355360 0.2045793 0.1914527 0.1928352 0.1439907 0.1286889 0.1369465 0.1341359 0.1419829 0.1503654 0.1631047 0.1492737 0.1639372 0.1589822 0.1639372 0.1589822 0.1656357 0.1589822 0.1639372 0.1675451 0.1830720 0.1739166 0.2011101 0.1886651 0.1639372 0.2472243 0.2472243 0.2152427 0.1724557 0.1480307 0.1388741 0.2011490 0.0000000 0.1455193 0.2225758 0.2185232 0.1941328 0.2145414 0.2823531 0.1993286 0.1641411 0.1851631 0.1830720 0.1510140 0.1682634 0.2560001 0.1783570 0.3223571 0.1410870 0.1620997 0.1586496 0.1869604 0.2060804 0.1492737 0.2437820 
Aedes_triseriatus_MG242523.1          0.3085249 0.2728335 0.2571241 0.2592853 0.2258545 0.2125829 0.2175303 0.2141104 0.2163020 0.1914387 0.2103003 0.1214159 0.2226757 0.2332130 0.2226757 0.2332130 0.2226757 0.2350462 0.2226757 0.2383631 0.2045750 0.1890180 0.2329817 0.2121663 0.2226757 0.2810714 0.2810714 0.2610845 0.1737095 0.1889973 0.1323211 0.2590583 0.1455193 0.0000000 0.2541826 0.2620847 0.2113849 0.2412142 0.3351458 0.2460173 0.1824984 0.2019998 0.2045750 0.1888389 0.2401150 0.2991912 0.1828030 0.2966812 0.1805023 0.1722457 0.2017768 0.2047114 0.2448291 0.1214159 0.2578652 
Anopheles_crucians_MT040812.1         0.3703719 0.2638019 0.2490107 0.2465588 0.2657226 0.2433288 0.2552233 0.2509322 0.2630969 0.1988599 0.2727319 0.2152720 0.2170469 0.2145586 0.2170469 0.2145586 0.2179463 0.2145586 0.2170469 0.2235572 0.2064497 0.2056001 0.1963420 0.1889873 0.2170469 0.1404474 0.1404474 0.1299901 0.2551591 0.1963725 0.2589614 0.2006498 0.2225758 0.2541826 0.0000000 0.1845334 0.1834840 0.1839629 0.1978677 0.1922113 0.2079031 0.2059319 0.2064497 0.1769441 0.2105054 0.2907057 0.2546965 0.4109701 0.2503148 0.2551143 0.2686163 0.2831451 0.2556403 0.2152720 0.2606609 
Anopheles_albimanus_KC354824          0.3435903 0.2603808 0.2462610 0.2461147 0.2655217 0.2387918 0.2376039 0.2309218 0.2494889 0.2236923 0.2317197 0.1897966 0.1991588 0.2079061 0.1991167 0.2075186 0.2050927 0.2067939 0.1991588 0.2108394 0.1809951 0.1938832 0.2095194 0.2094594 0.1991588 0.1803794 0.1803794 0.1855192 0.2645850 0.2211991 0.2456552 0.1656704 0.2185232 0.2620847 0.1845334 0.0000000 0.1710125 0.1732732 0.1854017 0.1751759 0.1809866 0.1700287 0.1809951 0.1747610 0.1905832 0.2533016 0.2519973 0.4270714 0.2133301 0.2259291 0.2572025 0.2817569 0.2574925 0.1897966 0.3183918 
Anopheles_funestus_MT917175           0.3098458 0.2599862 0.2442489 0.2417850 0.2620229 0.2303140 0.2291648 0.2260678 0.2409570 0.2344320 0.1970036 0.1909232 0.1799574 0.1816216 0.1814618 0.1812889 0.1726230 0.1809581 0.1798055 0.1813668 0.1617585 0.1644384 0.2258515 0.2287624 0.1798055 0.1678538 0.1678538 0.1526825 0.2493737 0.2313513 0.2438704 0.1748007 0.1941328 0.2113849 0.1834840 0.1710125 0.0000000 0.1452560 0.2138179 0.1404402 0.1630510 0.1591540 0.1617585 0.1620173 0.1885687 0.2212919 0.2199687 0.3339845 0.1999794 0.1467552 0.1882396 0.1892002 0.2165348 0.1909232 0.2407909 
Anopheles_gambiae_MG753769            0.3712777 0.2906476 0.2770998 0.2741054 0.2797780 0.2507032 0.2495542 0.2427567 0.2541054 0.2498676 0.2449060 0.2069657 0.2042604 0.2110141 0.2061399 0.2106257 0.2050612 0.2129425 0.2040901 0.2065907 0.1885611 0.2042598 0.2024740 0.2053078 0.2040901 0.1887851 0.1887851 0.1283581 0.2801324 0.2466715 0.2042188 0.1748369 0.2145414 0.2412142 0.1839629 0.1732732 0.1452560 0.0000000 0.1959096 0.1419224 0.1814610 0.1809244 0.1885611 0.1824764 0.1931517 0.2608753 0.2267676 0.3713567 0.2151356 0.2122523 0.2314429 0.2327571 0.2605427 0.2069657 0.2953272 
Anopheles_pseudopunctipennis_KC354820 0.4012020 0.3382450 0.3120568 0.3085929 0.3087008 0.2967042 0.2829172 0.2758266 0.2913719 0.3054021 0.2569204 0.2515831 0.2304701 0.2787757 0.2305993 0.2782636 0.2667231 0.2764244 0.2304701 0.2666509 0.2207869 0.2095856 0.2360304 0.2322425 0.2304701 0.1912160 0.1912160 0.2285065 0.3167934 0.3027743 0.3227003 0.1958515 0.2823531 0.3351458 0.1978677 0.1854017 0.2138179 0.1959096 0.0000000 0.1987849 0.2165329 0.2146784 0.2207869 0.2165764 0.2281736 0.3565589 0.2733007 0.5010121 0.2529431 0.2668445 0.3186771 0.3301445 0.3396484 0.2515831 0.2909777 
Anopheles_stephensi_KT899888          0.3832325 0.2959247 0.2771184 0.2835490 0.2806959 0.2480109 0.2427226 0.2395036 0.2585975 0.2243859 0.2510348 0.1939028 0.2058895 0.2227352 0.2078373 0.2223145 0.2086457 0.2213494 0.2057143 0.2186701 0.2035529 0.2002830 0.2329955 0.2200955 0.2057143 0.1726046 0.1726046 0.1313700 0.2528948 0.2212698 0.2172061 0.1580657 0.1993286 0.2460173 0.1922113 0.1751759 0.1404402 0.1419224 0.1987849 0.0000000 0.1929033 0.1972323 0.2035529 0.1811551 0.2078095 0.2775092 0.2231159 0.3765738 0.2186343 0.2194919 0.2315968 0.2093059 0.2286167 0.1939028 0.2723097 
Culex_nigripalpus_NC_037823.1         0.3119493 0.1340817 0.1214524 0.1218614 0.2209017 0.1990831 0.1947973 0.1918552 0.2084929 0.2058555 0.2057225 0.1399652 0.0750938 0.0785547 0.0759833 0.0784179 0.0696995 0.0793084 0.0750361 0.0713902 0.0636700 0.0531496 0.1634724 0.1623619 0.0750361 0.2177436 0.2177436 0.1741602 0.2019360 0.2029569 0.1742868 0.2113863 0.1641411 0.1824984 0.2079031 0.1809866 0.1630510 0.1814610 0.2165329 0.1929033 0.0000000 0.0588031 0.0636700 0.0812315 0.0965370 0.1809613 0.2065263 0.2907511 0.1554126 0.1537612 0.1584569 0.1859813 0.1676380 0.1399652 0.2031552 
Culex_usquatissimus_NC_036007.1       0.3134085 0.1468209 0.1336553 0.1340294 0.2396595 0.2187431 0.2143977 0.2113729 0.2284949 0.1970376 0.2044020 0.1378011 0.0727876 0.0909572 0.0736571 0.0907980 0.0777593 0.0915664 0.0727311 0.0816695 0.0094915 0.0620654 0.1650141 0.1641081 0.0727311 0.2218362 0.2218362 0.1899851 0.1996746 0.1943069 0.1926017 0.2280173 0.1851631 0.2019998 0.2059319 0.1700287 0.1591540 0.1809244 0.2146784 0.1972323 0.0588031 0.0000000 0.0094915 0.0883184 0.0913644 0.2100883 0.2294893 0.3383591 0.1553066 0.1519066 0.1596072 0.1848728 0.1948260 0.1378011 0.2342694 
Culex_coronator_NC_036006.1           0.3142433 0.1413136 0.1284139 0.1288013 0.2402876 0.2167020 0.2123496 0.2093245 0.2264460 0.1949951 0.2127293 0.1438184 0.0722260 0.0845509 0.0730844 0.0844036 0.0773559 0.0852344 0.0721702 0.0773690 0.0000010 0.0663272 0.1654029 0.1644931 0.0721702 0.2213350 0.2213350 0.1966760 0.2052633 0.1922719 0.1930968 0.2204124 0.1830720 0.2045750 0.2064497 0.1809951 0.1617585 0.1885611 0.2207869 0.2035529 0.0636700 0.0094915 0.0000000 0.0904307 0.0930433 0.2142290 0.2301074 0.3393176 0.1535606 0.1580626 0.1644603 0.1853445 0.2018383 0.1438184 0.2324938 
Culex_sitiens_NC_054318               0.3084750 0.1619282 0.1435069 0.1485259 0.2160054 0.1974021 0.1900497 0.1841779 0.2068720 0.1849518 0.1909306 0.1280471 0.0906511 0.1055833 0.0917684 0.1053948 0.0955184 0.1083056 0.0905802 0.0958932 0.0904307 0.0820142 0.1456106 0.1400892 0.0905802 0.2079805 0.2079805 0.1340767 0.1894413 0.1822609 0.1762758 0.1955853 0.1510140 0.1888389 0.1769441 0.1747610 0.1620173 0.1824764 0.2165764 0.1811551 0.0812315 0.0883184 0.0904307 0.0000000 0.0898564 0.2101030 0.2119073 0.3393013 0.1439008 0.1703928 0.1663351 0.1763118 0.1694766 0.1280471 0.2106457 
Culex_tritaeniorhynchus_KT852976      0.3484775 0.1613053 0.1449778 0.1500181 0.2291932 0.2113264 0.2065066 0.2005130 0.2210003 0.2051900 0.2268697 0.1575125 0.0946586 0.1035497 0.0958483 0.1033632 0.0960499 0.1063085 0.0945836 0.0919460 0.0930433 0.0998126 0.1766075 0.1805372 0.0945836 0.2374929 0.2374929 0.1892358 0.2344048 0.2023527 0.1959905 0.2280493 0.1682634 0.2401150 0.2105054 0.1905832 0.1885687 0.1931517 0.2281736 0.2078095 0.0965370 0.0913644 0.0930433 0.0898564 0.0000000 0.2509946 0.2119040 0.3451877 0.1697674 0.1960684 0.1747046 0.1781112 0.1960336 0.1575125 0.2306886 
Deinocerites_magnus_MH376751.1        0.3844921 0.2684139 0.2547814 0.2631429 0.2497938 0.2198402 0.2293036 0.2271380 0.2234093 0.2278235 0.2728450 0.2716974 0.2209582 0.1993798 0.2209582 0.1993798 0.2148108 0.1954897 0.2209582 0.2266674 0.2142290 0.1939714 0.2293755 0.2217917 0.2209582 0.2762177 0.2762177 0.2736584 0.2805562 0.2253502 0.2764997 0.2747119 0.2560001 0.2991912 0.2907057 0.2533016 0.2212919 0.2608753 0.3565589 0.2775092 0.1809613 0.2100883 0.2142290 0.2101030 0.2509946 0.0000000 0.2809220 0.3941881 0.2321966 0.2241694 0.2312328 0.2236923 0.2727439 0.2716974 0.2867594 
Psorophora_howardii_MG242538.1        0.3315257 0.2577062 0.2425135 0.2444923 0.2147599 0.2066833 0.2025648 0.1989051 0.2019212 0.2445428 0.2612777 0.1661222 0.2185152 0.2185152 0.2185152 0.2185152 0.2185152 0.2185152 0.2185152 0.2240037 0.2301074 0.2220852 0.2348158 0.2183176 0.2185152 0.2838200 0.2838200 0.2560223 0.2085329 0.2411440 0.1815105 0.2552027 0.1783570 0.1828030 0.2546965 0.2519973 0.2199687 0.2267676 0.2733007 0.2231159 0.2065263 0.2294893 0.2301074 0.2119073 0.2119040 0.2809220 0.0000000 0.3208497 0.1438605 0.1093368 0.1495487 0.1348036 0.2032279 0.1661222 0.2653434 
Psorophora_ferox_KY782650             0.4564476 0.3988881 0.3773945 0.3736210 0.3967752 0.3966772 0.4033167 0.3972664 0.4130717 0.3391059 0.3866549 0.3220827 0.3517456 0.3517456 0.3517456 0.3517456 0.3517456 0.3517456 0.3517456 0.3537483 0.3393176 0.2969542 0.3692798 0.3648667 0.3517456 0.4437665 0.4437665 0.4342513 0.2763394 0.3361527 0.2873360 0.3898778 0.3223571 0.2966812 0.4109701 0.4270714 0.3339845 0.3713567 0.5010121 0.3765738 0.2907511 0.3383591 0.3393176 0.3393013 0.3451877 0.3941881 0.3208497 0.0000000 0.3662188 0.3238389 0.3312026 0.3512704 0.2843915 0.3220827 0.3929613 
Psorophora_ferox_MK575485             0.2799184 0.2608295 0.2432020 0.2512479 0.1915714 0.1805886 0.1698632 0.1670391 0.1830240 0.2068825 0.1774912 0.1294590 0.1542435 0.1925752 0.1542261 0.1922185 0.1786275 0.1917262 0.1541164 0.1863330 0.1535606 0.1767540 0.2089079 0.1962211 0.1541164 0.2616093 0.2616093 0.2193858 0.2001361 0.2040817 0.1629386 0.2518964 0.1410870 0.1805023 0.2503148 0.2133301 0.1999794 0.2151356 0.2529431 0.2186343 0.1554126 0.1553066 0.1535606 0.1439008 0.1697674 0.2321966 0.1438605 0.3662188 0.0000000 0.1175724 0.1317114 0.1373002 0.2109691 0.1294590 0.2431673 
Psorophora_pygmaea_JX260116.1         0.2698795 0.2243496 0.2131524 0.2147765 0.1948678 0.1979957 0.1943830 0.1907321 0.1933229 0.2160871 0.2082170 0.1495664 0.1929733 0.1929733 0.1929733 0.1929733 0.1929733 0.1929733 0.1929733 0.1951229 0.1580626 0.1638254 0.2118575 0.2013611 0.1929733 0.2433906 0.2433906 0.2418647 0.2336983 0.2129732 0.1766691 0.2561040 0.1620997 0.1722457 0.2551143 0.2259291 0.1467552 0.2122523 0.2668445 0.2194919 0.1537612 0.1519066 0.1580626 0.1703928 0.1960684 0.2241694 0.1093368 0.3238389 0.1175724 0.0000000 0.0912836 0.1051288 0.1781190 0.1495664 0.2697272 
Psorophora_cingulata_KM592989.1       0.2685026 0.1968700 0.1869293 0.1951201 0.1849892 0.1764874 0.1797937 0.1791810 0.1855038 0.1986943 0.1906764 0.1548673 0.1587634 0.1707527 0.1587634 0.1707527 0.1603405 0.1702439 0.1587634 0.1699413 0.1644603 0.1577920 0.2053289 0.2081785 0.1587634 0.2737814 0.2737814 0.2433707 0.2324449 0.1960050 0.2035889 0.2588467 0.1586496 0.2017768 0.2686163 0.2572025 0.1882396 0.2314429 0.3186771 0.2315968 0.1584569 0.1596072 0.1644603 0.1663351 0.1747046 0.2312328 0.1495487 0.3312026 0.1317114 0.0912836 0.0000000 0.0840598 0.2475068 0.1548673 0.2905840 
Psorophora_confinis_KY859921.1        0.3352893 0.2476309 0.2358470 0.2377181 0.2107556 0.1977750 0.2010287 0.1973367 0.2078095 0.2224826 0.2598947 0.1782928 0.2150623 0.2150623 0.2150623 0.2150623 0.2150623 0.2150623 0.2150623 0.2177121 0.1853445 0.2016518 0.2523050 0.2442205 0.2150623 0.2602448 0.2602448 0.2713152 0.2685569 0.2193501 0.1787495 0.2542681 0.1869604 0.2047114 0.2831451 0.2817569 0.1892002 0.2327571 0.3301445 0.2093059 0.1859813 0.1848728 0.1853445 0.1763118 0.1781112 0.2236923 0.1348036 0.3512704 0.1373002 0.1051288 0.0840598 0.0000000 0.2212285 0.1782928 0.2993043 
Uranotaenia_sapphirina_GU908127.1     0.2993234 0.2285497 0.2142377 0.2158891 0.2427295 0.2310592 0.2379759 0.2337438 0.2449759 0.2521682 0.2316465 0.2145222 0.1912260 0.1912260 0.1912260 0.1912260 0.1912260 0.1912260 0.1912260 0.1960329 0.2018383 0.1978573 0.2054766 0.1970478 0.1912260 0.2343484 0.2343484 0.2515606 0.2318544 0.2493983 0.2134986 0.2445088 0.2060804 0.2448291 0.2556403 0.2574925 0.2165348 0.2605427 0.3396484 0.2286167 0.1676380 0.1948260 0.2018383 0.1694766 0.1960336 0.2727439 0.2032279 0.2843915 0.2109691 0.1781190 0.2475068 0.2212285 0.0000000 0.2145222 0.2446247 
Culiseta_annulata_MN626442            0.3001253 0.2499955 0.2324376 0.2403680 0.2608114 0.2342096 0.2303214 0.2271358 0.2452206 0.1872264 0.1562357 0.0000010 0.1449885 0.1891731 0.1455396 0.1888172 0.1702377 0.1883659 0.1448678 0.1802425 0.1438184 0.1401329 0.2327562 0.2254878 0.1448678 0.2358061 0.2358061 0.2214299 0.1436305 0.1846148 0.1048752 0.2465567 0.1492737 0.1214159 0.2152720 0.1897966 0.1909232 0.2069657 0.2515831 0.1939028 0.1399652 0.1378011 0.1438184 0.1280471 0.1575125 0.2716974 0.1661222 0.3220827 0.1294590 0.1495664 0.1548673 0.1782928 0.2145222 0.0000000 0.2287107 
Mansonia_annulata_HQ341635            0.4080476 0.3212292 0.3124063 0.3137377 0.2926848 0.2674062 0.2550427 0.2542581 0.2655515 0.2335123 0.2255778 0.2287107 0.2212560 0.2420028 0.2214111 0.2415548 0.2375300 0.2394744 0.2212560 0.2470510 0.2324938 0.2174433 0.2692015 0.2573133 0.2212560 0.2944276 0.2944276 0.2702483 0.2199050 0.2311042 0.2522855 0.2508419 0.2437820 0.2578652 0.2606609 0.3183918 0.2407909 0.2953272 0.2909777 0.2723097 0.2031552 0.2342694 0.2324938 0.2106457 0.2306886 0.2867594 0.2653434 0.3929613 0.2431673 0.2697272 0.2905840 0.2993043 0.2446247 0.2287107 0.0000000 
