52
AT-HV1                                0.0000000 0.2400081 0.2395066 0.2312285 0.1997317 0.2372957 0.2363328 0.2121747 0.2472940 0.2760581 0.0414571 0.2600387 0.2467614 0.2362072 0.2892299 0.2357549 0.2645854 0.2644219 0.2467614 0.2158732 0.2517892 0.2413856 0.2695234 0.2613271 0.3404186 0.3404186 0.2701999 0.2732484 0.2733314 0.2176634 0.3058953 0.1901158 0.2704715 0.2788255 0.3133038 0.2483028 0.3034340 0.3433725 0.3167839 0.2548019 0.2541911 0.2517892 0.2571918 0.2740458 0.3512818 0.2629295 0.2348317 0.2204141 0.2741258 0.2789264 0.2600387 0.3343540 
AT-HV3                                0.2400081 0.0000000 0.0297936 0.0304455 0.2238398 0.2557763 0.2432309 0.2233743 0.2661102 0.2743789 0.2572930 0.2410264 0.0407782 0.0298099 0.0438942 0.0314650 0.0345060 0.0423207 0.0407782 0.0188665 0.1315864 0.1254494 0.1738774 0.1668649 0.2726449 0.2726449 0.1755701 0.2984753 0.2715844 0.1854584 0.2842808 0.1832397 0.2657413 0.2271412 0.2654520 0.2363965 0.2656055 0.3235197 0.2747867 0.1214407 0.1350033 0.1315864 0.1444486 0.1458734 0.2784279 0.2191684 0.2443043 0.1954433 0.2183761 0.2125675 0.2410264 0.2962814 
AT-JM2                                0.2395066 0.0297936 0.0000000 0.0726671 0.2250145 0.2586162 0.2444301 0.2280320 0.2688605 0.2771119 0.2555561 0.2214456 0.0337109 0.0296756 0.0595755 0.0296264 0.0312414 0.0421166 0.0337109 0.0154422 0.1176317 0.1199662 0.1710479 0.1688683 0.2655778 0.2655778 0.1775978 0.2955041 0.2743381 0.1875504 0.2814585 0.1850374 0.2571520 0.2165930 0.2584358 0.2298112 0.2586720 0.3131018 0.2659634 0.1119790 0.1209706 0.1176317 0.1385828 0.1355300 0.2810705 0.2122228 0.2311096 0.1922806 0.2126008 0.2145970 0.2214456 0.2943314 
AT-WL2                                0.2312285 0.0304455 0.0726671 0.0000000 0.2336869 0.2706770 0.2573832 0.2330420 0.2813557 0.2902282 0.2695670 0.2352762 0.0401186 0.0341394 0.0505336 0.0340835 0.0363985 0.0481334 0.0401186 0.0202364 0.1248145 0.1280755 0.1796696 0.1770784 0.2562235 0.2562235 0.1800255 0.3124763 0.2873125 0.1901993 0.2815008 0.1920284 0.2656752 0.2272680 0.2645651 0.2333431 0.2647307 0.3214358 0.2703363 0.1204090 0.1296760 0.1248145 0.1422935 0.1442916 0.2941042 0.2190152 0.2418148 0.1953044 0.2263401 0.2175629 0.2352762 0.3000761 
Aedes_aegypti_MN299002.1              0.1997317 0.2238398 0.2250145 0.2336869 0.0000000 0.0074744 0.0076367 0.0091103 0.0074862 0.1697624 0.1725977 0.2421675 0.2069559 0.1887819 0.2015930 0.1884383 0.1967372 0.1887819 0.2069559 0.2005323 0.2266319 0.2233828 0.2269934 0.2272132 0.2769145 0.2769145 0.2498627 0.2385285 0.1678836 0.1872657 0.2539366 0.1389099 0.2124242 0.2477731 0.2422614 0.2420592 0.2554078 0.2830900 0.2591082 0.2092103 0.2262686 0.2266319 0.2033307 0.2150695 0.2306560 0.2027065 0.1779983 0.1846213 0.1749376 0.1982514 0.2421675 0.2716994 
Aedes_aegypti_MK300221.1              0.2372957 0.2557763 0.2586162 0.2706770 0.0074744 0.0000000 0.0072756 0.0087735 0.0071389 0.1547281 0.1609682 0.2210012 0.1887190 0.1700938 0.1887190 0.1700938 0.1837637 0.1669203 0.1887190 0.1897564 0.2045863 0.2062866 0.2147347 0.2124625 0.2456015 0.2456015 0.2333123 0.2149915 0.1530588 0.1733718 0.2355218 0.1245461 0.2007292 0.2274832 0.2202708 0.2164988 0.2325453 0.2749137 0.2314503 0.1887434 0.2067689 0.2045863 0.1859944 0.1985729 0.2042426 0.1950448 0.1696743 0.1872867 0.1673522 0.1864983 0.2210012 0.2491664 
Aedes_aegypti_MN298992.1              0.2363328 0.2432309 0.2444301 0.2573832 0.0076367 0.0072756 0.0000000 0.0014520 0.0028817 0.1620009 0.1601430 0.2172432 0.1849887 0.1781496 0.1849887 0.1781496 0.1868668 0.1747159 0.1849887 0.1857871 0.2010627 0.2024364 0.2182046 0.2159243 0.2445996 0.2445996 0.2383589 0.2144581 0.1602274 0.1765735 0.2351843 0.1321001 0.2053357 0.2385248 0.2197628 0.2159902 0.2321145 0.2635909 0.2279259 0.1852271 0.2032511 0.2010627 0.1796333 0.1953025 0.2135571 0.1921309 0.1603853 0.1840935 0.1702981 0.1901052 0.2172432 0.2390790 
Aedes_aegypti_MN298993.1              0.2121747 0.2233743 0.2280320 0.2330420 0.0091103 0.0087735 0.0014520 0.0000000 0.0043433 0.1595026 0.1577079 0.2144890 0.1823884 0.1729198 0.1823884 0.1729198 0.1865787 0.1721558 0.1823884 0.1801515 0.1984273 0.1967815 0.2147347 0.2124625 0.2453111 0.2453111 0.2345931 0.2128910 0.1577491 0.1797373 0.2323937 0.1295370 0.2023668 0.2348219 0.2138389 0.2132958 0.2260850 0.2573207 0.2251524 0.1826457 0.2006141 0.1984273 0.1743275 0.1898710 0.2119890 0.1888913 0.1578918 0.1808631 0.1698509 0.1868397 0.2144890 0.2387012 
Aedes_aegypti_MK300224.1              0.2472940 0.2661102 0.2688605 0.2813557 0.0074862 0.0071389 0.0028817 0.0043433 0.0000000 0.1624961 0.1688166 0.2301181 0.1973190 0.1782888 0.1973190 0.1782888 0.1923468 0.1749304 0.1973190 0.1989224 0.2133499 0.2151269 0.2242073 0.2150063 0.2609736 0.2609736 0.2447735 0.2242198 0.1607587 0.1758773 0.2449848 0.1368070 0.2044910 0.2448357 0.2297157 0.2253554 0.2350105 0.2699773 0.2408793 0.1972454 0.2155508 0.2133499 0.1945117 0.2072975 0.2079035 0.1910547 0.1720086 0.1833610 0.1755606 0.1955722 0.2301181 0.2476047 
Aedes_albopictus_KF211505             0.2760581 0.2743789 0.2771119 0.2902282 0.1697624 0.1547281 0.1620009 0.1595026 0.1624961 0.0000000 0.1844338 0.1763568 0.2026981 0.1829177 0.2026981 0.1829177 0.1975859 0.1793610 0.2026981 0.2072878 0.1836348 0.1890874 0.2087081 0.1958017 0.2164642 0.2164642 0.2003991 0.1745087 0.0014091 0.1452255 0.2270007 0.1425583 0.1794488 0.1878766 0.2083995 0.2188450 0.2328978 0.2821627 0.2088443 0.1924992 0.1857902 0.1836348 0.1733895 0.1930083 0.2099811 0.2283560 0.1936493 0.2028433 0.1895534 0.2105770 0.1763568 0.2187428 
Aedes_albopictus_MN513368             0.0414571 0.2572930 0.2555561 0.2695670 0.1725977 0.1609682 0.1601430 0.1577079 0.1688166 0.1844338 0.0000000 0.1865458 0.1853546 0.1915245 0.1860658 0.1911751 0.1886359 0.1906056 0.1853546 0.1940765 0.1901468 0.1820267 0.2447022 0.2368492 0.2512816 0.2512816 0.2492638 0.1852871 0.1821292 0.1935937 0.2259324 0.1569999 0.1973286 0.2513432 0.2339016 0.1850026 0.2251085 0.2730896 0.2359354 0.1829671 0.1876273 0.1901468 0.1792265 0.2022461 0.2519709 0.2420769 0.1677747 0.1958957 0.1822337 0.2441957 0.1865458 0.2398375 
Aedes_taeniorhynchus_MN626442.1       0.2600387 0.2410264 0.2214456 0.2352762 0.2421675 0.2210012 0.2172432 0.2144890 0.2301181 0.1763568 0.1865458 0.0000000 0.1580749 0.1787374 0.1586644 0.1784139 0.1628674 0.1780337 0.1580749 0.1699852 0.1423611 0.1479048 0.2179181 0.2118156 0.2436307 0.2436307 0.2076903 0.1589582 0.1745044 0.1013846 0.2351494 0.1422590 0.1151943 0.2013032 0.1900585 0.2015761 0.1782850 0.2726146 0.1896512 0.1344333 0.1400654 0.1423611 0.1320084 0.1664815 0.2536994 0.1576160 0.1399403 0.1442648 0.1503557 0.1713355 0.0000010 0.2729200 
Culex_pipiens_KP293422.1              0.2467614 0.0407782 0.0337109 0.0401186 0.2069559 0.1887190 0.1849887 0.1823884 0.1973190 0.2026981 0.1853546 0.1580749 0.0000000 0.0088877 0.0000010 0.0088740 0.0000010 0.0102574 0.0000010 0.0000010 0.0734470 0.0781953 0.1625922 0.1604332 0.1961851 0.1961851 0.1688586 0.2184376 0.2005401 0.1782807 0.2094442 0.1551623 0.2092591 0.2053503 0.1943207 0.1658609 0.1952828 0.2425668 0.1947248 0.0680332 0.0755220 0.0734470 0.0939866 0.0908674 0.2075460 0.2059059 0.1663268 0.1828780 0.1526718 0.2048731 0.1580749 0.2255043 
Culex_pipiens_MK714012.1              0.2362072 0.0298099 0.0296756 0.0341394 0.1887819 0.1700938 0.1781496 0.1729198 0.1782888 0.1829177 0.1915245 0.1787374 0.0088877 0.0000000 0.0088877 0.0000010 0.0044713 0.0000010 0.0088877 0.0045946 0.0823921 0.0855031 0.1625922 0.1604332 0.2007085 0.2007085 0.1688586 0.2330731 0.1809297 0.1782807 0.2178161 0.1504153 0.2191795 0.2029325 0.1949635 0.1716458 0.1988958 0.2582436 0.2084128 0.0766393 0.0884930 0.0823921 0.1022738 0.0987623 0.1880273 0.2059059 0.1825350 0.1828780 0.1631049 0.2048731 0.1787374 0.2260905 
Culex_pipiens_KP293425.1              0.2892299 0.0438942 0.0595755 0.0505336 0.2015930 0.1887190 0.1849887 0.1823884 0.1973190 0.2026981 0.1860658 0.1586644 0.0000010 0.0088877 0.0000000 0.0088740 0.0000010 0.0102574 0.0000010 0.0000010 0.0736831 0.0784515 0.1625922 0.1604332 0.1969182 0.1969182 0.1688586 0.2193118 0.2005401 0.1782807 0.2102433 0.1551623 0.2092591 0.2053503 0.1950634 0.1664681 0.1960196 0.2435144 0.1954707 0.0682507 0.0757663 0.0736831 0.0943013 0.0911752 0.2075460 0.2059059 0.1669414 0.1828780 0.1518243 0.2048731 0.1586644 0.2233128 
Culex_pipiens_MK714001.1              0.2357549 0.0314650 0.0296264 0.0340835 0.1884383 0.1700938 0.1781496 0.1729198 0.1782888 0.1829177 0.1911751 0.1784139 0.0088740 0.0000010 0.0088740 0.0000000 0.0044713 0.0000010 0.0088740 0.0045872 0.0822556 0.0853594 0.1625922 0.1604332 0.2003532 0.2003532 0.1688586 0.2326361 0.1809297 0.1782807 0.2174245 0.1504153 0.2191795 0.2029325 0.1946122 0.1713423 0.1985417 0.2577777 0.2080322 0.0765125 0.0883457 0.0822556 0.1021001 0.0985931 0.1880273 0.2059059 0.1822090 0.1828780 0.1631049 0.2048731 0.1784139 0.2256844 
Culex_quinquefasciatus_MW509603       0.2645854 0.0345060 0.0312414 0.0363985 0.1967372 0.1837637 0.1868668 0.1865787 0.1923468 0.1975859 0.1886359 0.1628674 0.0000010 0.0044713 0.0000010 0.0044713 0.0000000 0.0058972 0.0000010 0.0000010 0.0744062 0.0793508 0.1642270 0.1620457 0.1914617 0.1914617 0.1688586 0.2232887 0.1954490 0.1782807 0.2103823 0.1567281 0.2092591 0.2061826 0.1947374 0.1653280 0.1957266 0.2479275 0.1980725 0.0687907 0.0765635 0.0744062 0.0936355 0.0925537 0.2025524 0.2059059 0.1714353 0.1828780 0.1532950 0.2048731 0.1628674 0.2217121 
Culex_quinquefasciatus_MH463059.1     0.2644219 0.0423207 0.0421166 0.0481334 0.1887819 0.1669203 0.1747159 0.1721558 0.1749304 0.1793610 0.1906056 0.1780337 0.0102574 0.0000010 0.0102574 0.0000010 0.0058972 0.0000000 0.0102574 0.0045946 0.0830460 0.0881810 0.1625922 0.1604332 0.1968401 0.1968401 0.1688586 0.2313996 0.1774326 0.1782807 0.2164721 0.1504153 0.2208864 0.2029325 0.1939993 0.1710690 0.2007313 0.2561884 0.2072092 0.0773617 0.0890748 0.0830460 0.1048569 0.1013940 0.1844451 0.2059059 0.1817800 0.1828780 0.1626498 0.2048731 0.1780337 0.2239619 
Culex_quinquefasciatus_MN389462.1     0.2467614 0.0407782 0.0337109 0.0401186 0.2069559 0.1887190 0.1849887 0.1823884 0.1973190 0.2026981 0.1853546 0.1580749 0.0000010 0.0088877 0.0000010 0.0088740 0.0000010 0.0102574 0.0000000 0.0000010 0.0734470 0.0781953 0.1625922 0.1604332 0.1961851 0.1961851 0.1688586 0.2184376 0.2005401 0.1782807 0.2094442 0.1551623 0.2092591 0.2053503 0.1943207 0.1658609 0.1952828 0.2425668 0.1947248 0.0680332 0.0755220 0.0734470 0.0939866 0.0908674 0.2075460 0.2059059 0.1663268 0.1828780 0.1526718 0.2048731 0.1580749 0.2255043 
Culex_quinquefasciatus_MN005046.1     0.2158732 0.0188665 0.0154422 0.0202364 0.2005323 0.1897564 0.1857871 0.1801515 0.1989224 0.2072878 0.1940765 0.1699852 0.0000010 0.0045946 0.0000010 0.0045872 0.0000010 0.0045946 0.0000010 0.0000000 0.0762504 0.0773080 0.1627485 0.1652587 0.2006444 0.2006444 0.1703004 0.2334712 0.2049594 0.1825183 0.2156406 0.1582200 0.2234967 0.2111997 0.1975705 0.1710183 0.1943691 0.2472684 0.2047599 0.0704368 0.0803780 0.0762504 0.0939949 0.0885742 0.2123585 0.2108961 0.1764009 0.1847037 0.1620348 0.2071853 0.1699852 0.2298060 
Culex_tarsalis_NC_036006.1            0.2517892 0.1315864 0.1176317 0.1248145 0.2266319 0.2045863 0.2010627 0.1984273 0.2133499 0.1836348 0.1901468 0.1423611 0.0734470 0.0823921 0.0736831 0.0822556 0.0744062 0.0830460 0.0734470 0.0762504 0.0000000 0.0554215 0.1581109 0.1573492 0.1992588 0.1992588 0.1864334 0.2186546 0.1817077 0.1838866 0.2214521 0.1746923 0.1923695 0.1959452 0.1717973 0.1392122 0.1770674 0.2349447 0.1754696 0.0498491 0.0042469 0.0000010 0.0901114 0.0998468 0.2020873 0.2169288 0.1534219 0.1509241 0.1570127 0.1780094 0.1423611 0.2252943 
Culex_tarsalis_AF425847               0.2413856 0.1254494 0.1199662 0.1280755 0.2233828 0.2062866 0.2024364 0.1967815 0.2151269 0.1890874 0.1820267 0.1479048 0.0781953 0.0855031 0.0784515 0.0853594 0.0793508 0.0881810 0.0781953 0.0773080 0.0554215 0.0000000 0.1572110 0.1522811 0.2064941 0.2064941 0.1782026 0.1996380 0.1870261 0.1632190 0.2203618 0.1654337 0.1783234 0.1949383 0.1793616 0.1464138 0.1809407 0.2172358 0.1780536 0.0350586 0.0515614 0.0554215 0.0812659 0.1006995 0.1835587 0.2098656 0.1636886 0.1563787 0.1524898 0.1923948 0.1479048 0.2186811 
Culex_erraticus_MH129001              0.2695234 0.1738774 0.1710479 0.1796696 0.2269934 0.2147347 0.2182046 0.2147347 0.2242073 0.2087081 0.2447022 0.2179181 0.1625922 0.1625922 0.1625922 0.1625922 0.1642270 0.1625922 0.1625922 0.1627485 0.1581109 0.1572110 0.0000000 0.0106362 0.1805764 0.1805764 0.1763698 0.2398731 0.2063986 0.1951162 0.2091740 0.1912128 0.2150144 0.1848450 0.1955047 0.2126488 0.1903049 0.2188569 0.2185427 0.1546843 0.1578750 0.1581109 0.1388183 0.1663059 0.2149207 0.2186594 0.1969153 0.1987941 0.1952958 0.2385993 0.2179181 0.2479213 
Culex_erraticus_MH128999.1            0.2613271 0.1668649 0.1688683 0.1770784 0.2272132 0.2124625 0.2159243 0.2124625 0.2150063 0.1958017 0.2368492 0.2118156 0.1604332 0.1604332 0.1604332 0.1604332 0.1620457 0.1604332 0.1604332 0.1652587 0.1573492 0.1522811 0.0106362 0.0000000 0.1829323 0.1829323 0.1754192 0.2269499 0.1935713 0.1765109 0.2069703 0.1791330 0.1965955 0.1776992 0.1954590 0.2154846 0.1930458 0.2161152 0.2059812 0.1544350 0.1571154 0.1573492 0.1336006 0.1702768 0.2074828 0.2041757 0.1845907 0.1900770 0.1980616 0.2307218 0.2118156 0.2381255 
Anopheles_quadrimaculatus_L04272      0.3404186 0.2726449 0.2655778 0.2562235 0.2769145 0.2456015 0.2445996 0.2453111 0.2609736 0.2164642 0.2512816 0.2436307 0.1961851 0.2007085 0.1969182 0.2003532 0.1914617 0.1968401 0.1961851 0.2006444 0.1992588 0.2064941 0.1805764 0.1829323 0.0000000 0.0000010 0.1212423 0.2819722 0.2140345 0.2572873 0.1896681 0.2314319 0.2576655 0.1337715 0.1711749 0.1583418 0.1709258 0.2030777 0.1440098 0.1994194 0.1957786 0.1992588 0.1750985 0.2040463 0.2554561 0.2637229 0.2559094 0.2270563 0.2580164 0.2426785 0.2436307 0.2613743 
Anopheles_quadrimaculatus_L04272.1    0.3404186 0.2726449 0.2655778 0.2562235 0.2769145 0.2456015 0.2445996 0.2453111 0.2609736 0.2164642 0.2512816 0.2436307 0.1961851 0.2007085 0.1969182 0.2003532 0.1914617 0.1968401 0.1961851 0.2006444 0.1992588 0.2064941 0.1805764 0.1829323 0.0000010 0.0000000 0.1212423 0.2819722 0.2140345 0.2572873 0.1896681 0.2314319 0.2576655 0.1337715 0.1711749 0.1583418 0.1709258 0.2030777 0.1440098 0.1994194 0.1957786 0.1992588 0.1750985 0.2040463 0.2554561 0.2637229 0.2559094 0.2270563 0.2580164 0.2426785 0.2436307 0.2613743 
Anopheles_punctipennis_KR666470.1     0.2701999 0.1755701 0.1775978 0.1800255 0.2498627 0.2333123 0.2383589 0.2345931 0.2447735 0.2003991 0.2492638 0.2076903 0.1688586 0.1688586 0.1688586 0.1688586 0.1688586 0.1688586 0.1688586 0.1703004 0.1864334 0.1782026 0.1763698 0.1754192 0.1212423 0.1212423 0.0000000 0.2430745 0.1979106 0.2253703 0.1795110 0.2023134 0.2404714 0.1242827 0.1734559 0.1452025 0.1231866 0.2134307 0.1243218 0.1651571 0.1803312 0.1864334 0.1268569 0.1788366 0.2550953 0.2381311 0.2069534 0.2260825 0.2288997 0.2520347 0.2076903 0.2513684 
Aedes_busckii_MN626443.1              0.2732484 0.2984753 0.2955041 0.3124763 0.2385285 0.2149915 0.2144581 0.2128910 0.2242198 0.1745087 0.1852871 0.1589582 0.2184376 0.2330731 0.2193118 0.2326361 0.2232887 0.2313996 0.2184376 0.2334712 0.2186546 0.1996380 0.2398731 0.2269499 0.2819722 0.2819722 0.2430745 0.0000000 0.1726459 0.1760359 0.2435753 0.1633818 0.1610192 0.2355157 0.2669405 0.2251843 0.2577374 0.3378765 0.2250130 0.1951086 0.2098443 0.2186546 0.1878893 0.2295326 0.2595851 0.1949821 0.1877185 0.2177699 0.2212728 0.2519021 0.1589582 0.2373875 
Aedes_japonicus_KF211494.1            0.2733314 0.2715844 0.2743381 0.2873125 0.1678836 0.1530588 0.1602274 0.1577491 0.1607587 0.0014091 0.1821292 0.1745044 0.2005401 0.1809297 0.2005401 0.1809297 0.1954490 0.1774326 0.2005401 0.2049594 0.1817077 0.1870261 0.2063986 0.1935713 0.2140345 0.2140345 0.1979106 0.1726459 0.0000000 0.1434799 0.2246861 0.1403216 0.1770812 0.1854774 0.2059935 0.2166218 0.2305799 0.2796223 0.2066397 0.1904486 0.1838508 0.1817077 0.1715155 0.1909893 0.2075672 0.2258879 0.1916504 0.2006077 0.1876132 0.2083004 0.1745044 0.2164040 
Aedes_tortilis_JX259682.1             0.2176634 0.1854584 0.1875504 0.1901993 0.1872657 0.1733718 0.1765735 0.1797373 0.1758773 0.1452255 0.1935937 0.1013846 0.1782807 0.1782807 0.1782807 0.1782807 0.1782807 0.1782807 0.1782807 0.1825183 0.1838866 0.1632190 0.1951162 0.1765109 0.2572873 0.2572873 0.2253703 0.1760359 0.1434799 0.0000000 0.1945732 0.1314058 0.1250250 0.2418562 0.2290290 0.2296478 0.1930579 0.2991368 0.2038193 0.1658139 0.1835924 0.1838866 0.1674356 0.1841210 0.2571563 0.1707385 0.1541935 0.1695677 0.1950115 0.1717067 0.1013846 0.2330688 
Aedes_vexans_MH032639                 0.3058953 0.2842808 0.2814585 0.2815008 0.2539366 0.2355218 0.2351843 0.2323937 0.2449848 0.2270007 0.2259324 0.2351494 0.2094442 0.2178161 0.2102433 0.2174245 0.2103823 0.2164721 0.2094442 0.2156406 0.2214521 0.2203618 0.2091740 0.2069703 0.1896681 0.1896681 0.1795110 0.2435753 0.2246861 0.1945732 0.0000000 0.1918170 0.2426461 0.1913878 0.1701194 0.1513400 0.1679825 0.2098532 0.1311867 0.2069478 0.2235610 0.2214521 0.1998500 0.2049721 0.2548310 0.2372163 0.2307300 0.2402464 0.2441312 0.2416515 0.2351494 0.2373049 
Aedes_vexans_KP954638.1               0.1901158 0.1832397 0.1850374 0.1920284 0.1389099 0.1245461 0.1321001 0.1295370 0.1368070 0.1425583 0.1569999 0.1422590 0.1551623 0.1504153 0.1551623 0.1504153 0.1567281 0.1504153 0.1551623 0.1582200 0.1746923 0.1654337 0.1912128 0.1791330 0.2314319 0.2314319 0.2023134 0.1633818 0.1403216 0.1314058 0.1918170 0.0000000 0.1385851 0.2107011 0.2055674 0.1854242 0.2035035 0.2643900 0.1888084 0.1571499 0.1768814 0.1746923 0.1440829 0.1583972 0.2403563 0.1686945 0.1345175 0.1552492 0.1511538 0.1773353 0.1422590 0.2272852 
Aedes_triseriatus_MG242523.1          0.2704715 0.2657413 0.2571520 0.2656752 0.2124242 0.2007292 0.2053357 0.2023668 0.2044910 0.1794488 0.1973286 0.1151943 0.2092591 0.2191795 0.2092591 0.2191795 0.2092591 0.2208864 0.2092591 0.2234967 0.1923695 0.1783234 0.2150144 0.1965955 0.2576655 0.2576655 0.2404714 0.1610192 0.1770812 0.1250250 0.2426461 0.1385851 0.0000000 0.2363582 0.2408843 0.1989058 0.2266844 0.3075327 0.2294989 0.1728556 0.1893087 0.1923695 0.1791576 0.2240122 0.2790934 0.1724172 0.1703306 0.1627812 0.1918749 0.1944597 0.1151943 0.2402985 
Anopheles_crucians_MT040812.1         0.2788255 0.2271412 0.2165930 0.2272680 0.2477731 0.2274832 0.2385248 0.2348219 0.2448357 0.1878766 0.2513432 0.2013032 0.2053503 0.2029325 0.2053503 0.2029325 0.2061826 0.2029325 0.2053503 0.2111997 0.1959452 0.1949383 0.1848450 0.1776992 0.1337715 0.1337715 0.1242827 0.2355157 0.1854774 0.2418562 0.1913878 0.2107011 0.2363582 0.0000000 0.1727544 0.1755834 0.1757713 0.1857014 0.1821384 0.1974520 0.1956385 0.1959452 0.1677226 0.1996656 0.2700028 0.2378675 0.2342084 0.2373452 0.2530480 0.2662812 0.2013032 0.2453272 
Anopheles_albimanus_KC354824          0.3133038 0.2654520 0.2584358 0.2645651 0.2422614 0.2202708 0.2197628 0.2138389 0.2297157 0.2083995 0.2339016 0.1900585 0.1943207 0.1949635 0.1950634 0.1946122 0.1947374 0.1939993 0.1943207 0.1975705 0.1717973 0.1793616 0.1955047 0.1954590 0.1711749 0.1711749 0.1734559 0.2669405 0.2059935 0.2290290 0.1701194 0.2055674 0.2408843 0.1727544 0.0000000 0.1631090 0.1515814 0.1902526 0.1730950 0.1714989 0.1642247 0.1717973 0.1558278 0.1876453 0.2342382 0.2341270 0.2219429 0.2099679 0.2404460 0.2635835 0.1900585 0.3109194 
Anopheles_funestus_MT917175           0.2483028 0.2363965 0.2298112 0.2333431 0.2420592 0.2164988 0.2159902 0.2132958 0.2253554 0.2188450 0.1850026 0.2015761 0.1658609 0.1716458 0.1664681 0.1713423 0.1653280 0.1710690 0.1658609 0.1710183 0.1392122 0.1464138 0.2126488 0.2154846 0.1583418 0.1583418 0.1452025 0.2251843 0.2166218 0.2296478 0.1513400 0.1854242 0.1989058 0.1755834 0.1631090 0.0000000 0.1202140 0.2156620 0.1334709 0.1371656 0.1364840 0.1392122 0.1591600 0.1802115 0.2085192 0.2097432 0.1759318 0.1403326 0.1809449 0.1817047 0.2015761 0.2387518 
Anopheles_gambiae_MG753769            0.3034340 0.2656055 0.2586720 0.2647307 0.2554078 0.2325453 0.2321145 0.2260850 0.2350105 0.2328978 0.2251085 0.1782850 0.1952828 0.1988958 0.1960196 0.1985417 0.1957266 0.2007313 0.1952828 0.1943691 0.1770674 0.1809407 0.1903049 0.1930458 0.1709258 0.1709258 0.1231866 0.2577374 0.2305799 0.1930579 0.1679825 0.2035035 0.2266844 0.1757713 0.1515814 0.1202140 0.0000000 0.1941315 0.1213571 0.1704612 0.1746540 0.1770674 0.1611741 0.1798061 0.2442347 0.2114781 0.1975189 0.2007040 0.2194672 0.2195632 0.1782850 0.2833661 
Anopheles_pseudopunctipennis_KC354820 0.3433725 0.3235197 0.3131018 0.3214358 0.2830900 0.2749137 0.2635909 0.2573207 0.2699773 0.2821627 0.2730896 0.2726146 0.2425668 0.2582436 0.2435144 0.2577777 0.2479275 0.2561884 0.2425668 0.2472684 0.2349447 0.2172358 0.2188569 0.2161152 0.2030777 0.2030777 0.2134307 0.3378765 0.2796223 0.2991368 0.2098532 0.2643900 0.3075327 0.1857014 0.1902526 0.2156620 0.1941315 0.0000000 0.1904111 0.2338059 0.2322838 0.2349447 0.2125524 0.2237731 0.3300209 0.2534904 0.2805054 0.2499066 0.2948286 0.3061830 0.2726146 0.3040920 
Anopheles_stephensi_KT899888          0.3167839 0.2747867 0.2659634 0.2703363 0.2591082 0.2314503 0.2279259 0.2251524 0.2408793 0.2088443 0.2359354 0.1896512 0.1947248 0.2084128 0.1954707 0.2080322 0.1980725 0.2072092 0.1947248 0.2047599 0.1754696 0.1780536 0.2185427 0.2059812 0.1440098 0.1440098 0.1243218 0.2250130 0.2066397 0.2038193 0.1311867 0.1888084 0.2294989 0.1821384 0.1730950 0.1334709 0.1213571 0.1904111 0.0000000 0.1728263 0.1723194 0.1754696 0.1601801 0.1884997 0.2589968 0.2068834 0.2079865 0.2081276 0.2199564 0.1972222 0.1896512 0.2682550 
Culex_nigripalpus_NC_037823.1         0.2548019 0.1214407 0.1119790 0.1204090 0.2092103 0.1887434 0.1852271 0.1826457 0.1972454 0.1924992 0.1829671 0.1344333 0.0680332 0.0766393 0.0682507 0.0765125 0.0687907 0.0773617 0.0680332 0.0704368 0.0498491 0.0350586 0.1546843 0.1544350 0.1994194 0.1994194 0.1651571 0.1951086 0.1904486 0.1658139 0.2069478 0.1571499 0.1728556 0.1974520 0.1714989 0.1371656 0.1704612 0.2338059 0.1728263 0.0000000 0.0481464 0.0498491 0.0681658 0.0837815 0.1717959 0.1962580 0.1447833 0.1474730 0.1535070 0.1786731 0.1344333 0.2022866 
Culex_usquatissimus_NC_036007.1       0.2541911 0.1350033 0.1209706 0.1296760 0.2262686 0.2067689 0.2032511 0.2006141 0.2155508 0.1857902 0.1876273 0.1400654 0.0755220 0.0884930 0.0757663 0.0883457 0.0765635 0.0890748 0.0755220 0.0803780 0.0042469 0.0515614 0.1578750 0.1571154 0.1957786 0.1957786 0.1803312 0.2098443 0.1838508 0.1835924 0.2235610 0.1768814 0.1893087 0.1956385 0.1642247 0.1364840 0.1746540 0.2322838 0.1723194 0.0481464 0.0000000 0.0042469 0.0881800 0.0978563 0.1984983 0.2165716 0.1554405 0.1452968 0.1546073 0.1777261 0.1400654 0.2274668 
Culex_coronator_NC_036006.1           0.2517892 0.1315864 0.1176317 0.1248145 0.2266319 0.2045863 0.2010627 0.1984273 0.2133499 0.1836348 0.1901468 0.1423611 0.0734470 0.0823921 0.0736831 0.0822556 0.0744062 0.0830460 0.0734470 0.0762504 0.0000010 0.0554215 0.1581109 0.1573492 0.1992588 0.1992588 0.1864334 0.2186546 0.1817077 0.1838866 0.2214521 0.1746923 0.1923695 0.1959452 0.1717973 0.1392122 0.1770674 0.2349447 0.1754696 0.0498491 0.0042469 0.0000000 0.0901114 0.0998468 0.2020873 0.2169288 0.1534219 0.1509241 0.1570127 0.1780094 0.1423611 0.2252943 
Culex_sitiens_NC_054318               0.2571918 0.1444486 0.1385828 0.1422935 0.2033307 0.1859944 0.1796333 0.1743275 0.1945117 0.1733895 0.1792265 0.1320084 0.0939866 0.1022738 0.0943013 0.1021001 0.0936355 0.1048569 0.0939866 0.0939949 0.0901114 0.0812659 0.1388183 0.1336006 0.1750985 0.1750985 0.1268569 0.1878893 0.1715155 0.1674356 0.1998500 0.1440829 0.1791576 0.1677226 0.1558278 0.1591600 0.1611741 0.2125524 0.1601801 0.0681658 0.0881800 0.0901114 0.0000000 0.0893793 0.1976233 0.2008405 0.1361380 0.1633093 0.1608187 0.1689935 0.1320084 0.2144538 
Culex_tritaeniorhynchus_KT852976      0.2740458 0.1458734 0.1355300 0.1442916 0.2150695 0.1985729 0.1953025 0.1898710 0.2072975 0.1930083 0.2022461 0.1664815 0.0908674 0.0987623 0.0911752 0.0985931 0.0925537 0.1013940 0.0908674 0.0885742 0.0998468 0.1006995 0.1663059 0.1702768 0.2040463 0.2040463 0.1788366 0.2295326 0.1909893 0.1841210 0.2049721 0.1583972 0.2240122 0.1996656 0.1876453 0.1802115 0.1798061 0.2237731 0.1884997 0.0837815 0.0978563 0.0998468 0.0893793 0.0000000 0.2344663 0.1992778 0.1855525 0.1871589 0.1686230 0.1711254 0.1664815 0.2409958 
Deinocerites_magnus_MH376751.1        0.3512818 0.2784279 0.2810705 0.2941042 0.2306560 0.2042426 0.2135571 0.2119890 0.2079035 0.2099811 0.2519709 0.2536994 0.2075460 0.1880273 0.2075460 0.1880273 0.2025524 0.1844451 0.2075460 0.2123585 0.2020873 0.1835587 0.2149207 0.2074828 0.2554561 0.2554561 0.2550953 0.2595851 0.2075672 0.2571563 0.2548310 0.2403563 0.2790934 0.2700028 0.2342382 0.2085192 0.2442347 0.3300209 0.2589968 0.1717959 0.1984983 0.2020873 0.1976233 0.2344663 0.0000000 0.2626304 0.2166581 0.2113668 0.2214880 0.2120572 0.2536994 0.2661261 
Psorophora_howardii_MG242538.1        0.2629295 0.2191684 0.2122228 0.2190152 0.2027065 0.1950448 0.1921309 0.1888913 0.1910547 0.2283560 0.2420769 0.1576160 0.2059059 0.2059059 0.2059059 0.2059059 0.2059059 0.2059059 0.2059059 0.2108961 0.2169288 0.2098656 0.2186594 0.2041757 0.2637229 0.2637229 0.2381311 0.1949821 0.2258879 0.1707385 0.2372163 0.1686945 0.1724172 0.2378675 0.2341270 0.2097432 0.2114781 0.2534904 0.2068834 0.1962580 0.2165716 0.2169288 0.2008405 0.1992778 0.2626304 0.0000000 0.1361685 0.1067495 0.1434910 0.1286122 0.1576160 0.2491943 
Psorophora_ferox_MK575485             0.2348317 0.2443043 0.2311096 0.2418148 0.1779983 0.1696743 0.1603853 0.1578918 0.1720086 0.1936493 0.1677747 0.1399403 0.1663268 0.1825350 0.1669414 0.1822090 0.1714353 0.1817800 0.1663268 0.1764009 0.1534219 0.1636886 0.1969153 0.1845907 0.2559094 0.2559094 0.2069534 0.1877185 0.1916504 0.1541935 0.2307300 0.1345175 0.1703306 0.2342084 0.2219429 0.1759318 0.1975189 0.2805054 0.2079865 0.1447833 0.1554405 0.1534219 0.1361380 0.1855525 0.2166581 0.1361685 0.0000000 0.1121232 0.1267340 0.1299503 0.1399403 0.2683892 
Psorophora_pygmaea_JX260116.1         0.2204141 0.1954433 0.1922806 0.1953044 0.1846213 0.1872867 0.1840935 0.1808631 0.1833610 0.2028433 0.1958957 0.1442648 0.1828780 0.1828780 0.1828780 0.1828780 0.1828780 0.1828780 0.1828780 0.1847037 0.1509241 0.1563787 0.1987941 0.1900770 0.2270563 0.2270563 0.2260825 0.2177699 0.2006077 0.1695677 0.2402464 0.1552492 0.1627812 0.2373452 0.2099679 0.1403326 0.2007040 0.2499066 0.2081276 0.1474730 0.1452968 0.1509241 0.1633093 0.1871589 0.2113668 0.1067495 0.1121232 0.0000000 0.0891681 0.1011644 0.1442648 0.2544856 
Psorophora_cingulata_KM592989.1       0.2741258 0.2183761 0.2126008 0.2263401 0.1749376 0.1673522 0.1702981 0.1698509 0.1755606 0.1895534 0.1822337 0.1503557 0.1526718 0.1631049 0.1518243 0.1631049 0.1532950 0.1626498 0.1526718 0.1620348 0.1570127 0.1524898 0.1952958 0.1980616 0.2580164 0.2580164 0.2288997 0.2212728 0.1876132 0.1950115 0.2441312 0.1511538 0.1918749 0.2530480 0.2404460 0.1809449 0.2194672 0.2948286 0.2199564 0.1535070 0.1546073 0.1570127 0.1608187 0.1686230 0.2214880 0.1434910 0.1267340 0.0891681 0.0000000 0.0817523 0.1503557 0.2734421 
Psorophora_confinis_KY859921.1        0.2789264 0.2125675 0.2145970 0.2175629 0.1982514 0.1864983 0.1901052 0.1868397 0.1955722 0.2105770 0.2441957 0.1713355 0.2048731 0.2048731 0.2048731 0.2048731 0.2048731 0.2048731 0.2048731 0.2071853 0.1780094 0.1923948 0.2385993 0.2307218 0.2426785 0.2426785 0.2520347 0.2519021 0.2083004 0.1717067 0.2416515 0.1773353 0.1944597 0.2662812 0.2635835 0.1817047 0.2195632 0.3061830 0.1972222 0.1786731 0.1777261 0.1780094 0.1689935 0.1711254 0.2120572 0.1286122 0.1299503 0.1011644 0.0817523 0.0000000 0.1713355 0.2812142 
Culiseta_annulata_MN626442            0.2600387 0.2410264 0.2214456 0.2352762 0.2421675 0.2210012 0.2172432 0.2144890 0.2301181 0.1763568 0.1865458 0.0000010 0.1580749 0.1787374 0.1586644 0.1784139 0.1628674 0.1780337 0.1580749 0.1699852 0.1423611 0.1479048 0.2179181 0.2118156 0.2436307 0.2436307 0.2076903 0.1589582 0.1745044 0.1013846 0.2351494 0.1422590 0.1151943 0.2013032 0.1900585 0.2015761 0.1782850 0.2726146 0.1896512 0.1344333 0.1400654 0.1423611 0.1320084 0.1664815 0.2536994 0.1576160 0.1399403 0.1442648 0.1503557 0.1713355 0.0000000 0.2729200 
Mansonia_annulata_HQ341635            0.3343540 0.2962814 0.2943314 0.3000761 0.2716994 0.2491664 0.2390790 0.2387012 0.2476047 0.2187428 0.2398375 0.2729200 0.2255043 0.2260905 0.2233128 0.2256844 0.2217121 0.2239619 0.2255043 0.2298060 0.2252943 0.2186811 0.2479213 0.2381255 0.2613743 0.2613743 0.2513684 0.2373875 0.2164040 0.2330688 0.2373049 0.2272852 0.2402985 0.2453272 0.3109194 0.2387518 0.2833661 0.3040920 0.2682550 0.2022866 0.2274668 0.2252943 0.2144538 0.2409958 0.2661261 0.2491943 0.2683892 0.2544856 0.2734421 0.2812142 0.2729200 0.0000000 
