50
AT99                                  0.0000000 0.5378978 0.2613732 0.2783906 0.2829952 0.2695947 0.2906706 0.2995552 0.2945095 0.2641807 0.0372298 0.0364970 0.0372298 0.0364970 0.0372298 0.0438196 0.0372298 0.0245031 0.1337753 0.1367754 0.2312322 0.2228386 0.3020738 0.3020738 0.2253309 0.3484170 0.2965817 0.2298967 0.3077114 0.2403304 0.3096672 0.2936493 0.3061654 0.2631486 0.2957496 0.3522091 0.2998894 0.1289881 0.1375019 0.1337753 0.1558091 0.1561049 0.3050201 0.2743054 0.2609317 0.2427176 0.2450903 0.2627872 0.2641807 0.3314841 
AT_ROCK_                              0.5378978 0.0000000 0.1852456 0.2442365 0.2650507 0.2705209 0.2568309 0.5835129 0.5150337 0.6319102 0.5039298 0.5017285 0.5039298 0.5017285 0.5039298 0.5150439 0.5039298 0.3773144 0.5851790 0.5743481 0.5567093 0.5468315 0.7290265 0.7290265 0.5279033 0.6148660 0.5797357 0.4207743 0.6560075 0.4155319 0.5763698 0.6071586 0.7048381 0.6004150 0.6789366 0.7509762 0.6946066 0.5252399 0.5907126 0.5851790 0.4882387 0.5438759 0.7030807 0.4664100 0.5855881 0.4613600 0.5506904 0.4689798 0.6319102 0.7483587 
Aedes_aegypti_MN299002.1              0.2613732 0.1852456 0.0000000 0.0075021 0.0076642 0.0091540 0.0075200 0.1832842 0.1854859 0.2672811 0.2259327 0.2045574 0.2196740 0.2041623 0.2136705 0.2045574 0.2259327 0.2186362 0.2486531 0.2451004 0.2487956 0.2490540 0.3079920 0.3079920 0.2752042 0.2626792 0.1809556 0.2029488 0.2796168 0.1471258 0.2322087 0.2733725 0.2680375 0.2659163 0.2829768 0.3153961 0.2864601 0.2279312 0.2481657 0.2486531 0.2217680 0.2352196 0.2528843 0.2199471 0.1928232 0.1996278 0.1885586 0.2148120 0.2672811 0.3010745 
Aedes_aegypti_MK300221.1              0.2783906 0.2442365 0.0075021 0.0000000 0.0073000 0.0088115 0.0071690 0.1664358 0.1724704 0.2421919 0.2047723 0.1833324 0.2047723 0.1833324 0.1987064 0.1797406 0.2047723 0.2062873 0.2229431 0.2250864 0.2345235 0.2320116 0.2711392 0.2711392 0.2561886 0.2352114 0.1643274 0.1872615 0.2581645 0.1312792 0.2185524 0.2496999 0.2425668 0.2361861 0.2562591 0.3059517 0.2540176 0.2043106 0.2252991 0.2229431 0.2018731 0.2160229 0.2228009 0.2114418 0.1835970 0.2029255 0.1798143 0.2013986 0.2421919 0.2740611 
Aedes_aegypti_MN298992.1              0.2829952 0.2650507 0.0076642 0.0073000 0.0000000 0.0014516 0.0028827 0.1747199 0.1713894 0.2378188 0.2002208 0.1925845 0.2002208 0.1925845 0.2023553 0.1886787 0.2002208 0.2014453 0.2187405 0.2206976 0.2386436 0.2361153 0.2705309 0.2705309 0.2621877 0.2345190 0.1724991 0.1909912 0.2577270 0.1398651 0.2240211 0.2628828 0.2419354 0.2355218 0.2557434 0.2923129 0.2497782 0.2001287 0.2210988 0.2187405 0.1944448 0.2119267 0.2331041 0.2077564 0.1727897 0.1991686 0.1832312 0.2053500 0.2378188 0.2624986 
Aedes_aegypti_MN298993.1              0.2695947 0.2705209 0.0091540 0.0088115 0.0014516 0.0000000 0.0043500 0.1718023 0.1685471 0.2344973 0.1971395 0.1865374 0.1971395 0.1865374 0.2019137 0.1856629 0.1971395 0.1949022 0.2155862 0.2140448 0.2345235 0.2320116 0.2712754 0.2712754 0.2577161 0.2326320 0.1696005 0.1946846 0.2543468 0.1369451 0.2204706 0.2584291 0.2349865 0.2322896 0.2485804 0.2846650 0.2464235 0.1970672 0.2179366 0.2155862 0.1882819 0.2055713 0.2312471 0.2039366 0.1698877 0.1953769 0.1826165 0.2015216 0.2344973 0.2618574 
Aedes_aegypti_MK300224.1              0.2906706 0.2568309 0.0075200 0.0071690 0.0028827 0.0043500 0.0000000 0.1752484 0.1814075 0.2530670 0.2147409 0.1927256 0.2147409 0.1927256 0.2086268 0.1889048 0.2147409 0.2169127 0.2332020 0.2355808 0.2456113 0.2348399 0.2895787 0.2895787 0.2696288 0.2460270 0.1730740 0.1899792 0.2693244 0.1450869 0.2228216 0.2702967 0.2535270 0.2466487 0.2590563 0.2996053 0.2651438 0.2141682 0.2356000 0.2332020 0.2117058 0.2261156 0.2268773 0.2065488 0.1861205 0.1981094 0.1891654 0.2118237 0.2530670 0.2724045 
Aedes_albopictus_KF211505             0.2995552 0.5835129 0.1832842 0.1664358 0.1747199 0.1718023 0.1752484 0.0000000 0.2003508 0.1904203 0.2217962 0.1991622 0.2217962 0.1991622 0.2155994 0.1951360 0.2217962 0.2272650 0.1989577 0.2060263 0.2281571 0.2142393 0.2376617 0.2376617 0.2184673 0.1893466 0.0014091 0.1570463 0.2485286 0.1531731 0.1943850 0.2033195 0.2277911 0.2395653 0.2558541 0.3143230 0.2284461 0.2097807 0.2012297 0.1989577 0.1881479 0.2100642 0.2291399 0.2504133 0.2104008 0.2210621 0.2044338 0.2291211 0.1904203 0.2388035 
Aedes_albopictus_MN513368             0.2945095 0.5150337 0.1854859 0.1724704 0.1713894 0.1685471 0.1814075 0.2003508 0.0000000 0.2020904 0.2010814 0.2084949 0.2018994 0.2080899 0.2049587 0.2074583 0.2010814 0.2112558 0.2057569 0.1969922 0.2696717 0.2608503 0.2780402 0.2780402 0.2755562 0.2025724 0.1978393 0.2107793 0.2479227 0.1673746 0.2145195 0.2783705 0.2575527 0.2003501 0.2474915 0.3041980 0.2595665 0.1979366 0.2028903 0.2057569 0.1940958 0.2213083 0.2770227 0.2669230 0.1797025 0.2130506 0.1962853 0.2691864 0.2020904 0.2637788 
Aedes_taeniorhynchus_MN626442.1       0.2641807 0.6319102 0.2672811 0.2421919 0.2378188 0.2344973 0.2530670 0.1904203 0.2020904 0.0000000 0.1707560 0.1945481 0.1714270 0.1941743 0.1763550 0.1937501 0.1707560 0.1843841 0.1522002 0.1581716 0.2384339 0.2316421 0.2689328 0.2689328 0.2271725 0.1715263 0.1881616 0.1061822 0.2576894 0.1525508 0.1226544 0.2196796 0.2070313 0.2190555 0.1933196 0.3028317 0.2057388 0.1428463 0.1496524 0.1522002 0.1403622 0.1793506 0.2799732 0.1698491 0.1491944 0.1540373 0.1604740 0.1842414 0.0000010 0.3022737 
Culex_pipiens_KP293422.1              0.0372298 0.5039298 0.2259327 0.2047723 0.2002208 0.1971395 0.2147409 0.2217962 0.2010814 0.1707560 0.0000000 0.0089419 0.0000010 0.0089276 0.0000010 0.0103292 0.0000010 0.0000010 0.0760443 0.0812919 0.1750437 0.1727307 0.2131409 0.2131409 0.1820299 0.2406173 0.2192526 0.1936365 0.2278793 0.1674890 0.2292815 0.2238077 0.2118912 0.1787846 0.2126475 0.2668517 0.2120206 0.0703031 0.0783570 0.0760443 0.0982464 0.0958179 0.2267536 0.2251036 0.1786372 0.1990452 0.1636584 0.2228828 0.1707560 0.2468323 
Culex_pipiens_MK714012.1              0.0364970 0.5017285 0.2045574 0.1833324 0.1925845 0.1865374 0.1927256 0.1991622 0.2084949 0.1945481 0.0089419 0.0000000 0.0089419 0.0000010 0.0044815 0.0000010 0.0089419 0.0046183 0.0858500 0.0893936 0.1750437 0.1727307 0.2188517 0.2188517 0.1820299 0.2578535 0.1967572 0.1936365 0.2380055 0.1623583 0.2406502 0.2211185 0.2128825 0.1859237 0.2170816 0.2853808 0.2284281 0.0796950 0.0924585 0.0858500 0.1075376 0.1045380 0.2041477 0.2251036 0.1974794 0.1990452 0.1752865 0.2228828 0.1945481 0.2479033 
Culex_pipiens_KP293425.1              0.0372298 0.5039298 0.2196740 0.2047723 0.2002208 0.1971395 0.2147409 0.2217962 0.2018994 0.1714270 0.0000010 0.0089419 0.0000000 0.0089276 0.0000010 0.0103292 0.0000010 0.0000010 0.0762954 0.0815666 0.1750437 0.1727307 0.2139819 0.2139819 0.1820299 0.2416310 0.2192526 0.1936365 0.2287975 0.1674890 0.2292815 0.2238077 0.2127468 0.1794713 0.2134996 0.2679598 0.2128786 0.0705335 0.0786178 0.0762954 0.0985872 0.0961531 0.2267536 0.2251036 0.1793317 0.1990452 0.1626991 0.2228828 0.1714270 0.2442418 
Culex_pipiens_MK714001.1              0.0364970 0.5017285 0.2041623 0.1833324 0.1925845 0.1865374 0.1927256 0.1991622 0.2080899 0.1941743 0.0089276 0.0000010 0.0089276 0.0000000 0.0044815 0.0000010 0.0089276 0.0046106 0.0857004 0.0892352 0.1750437 0.1727307 0.2184411 0.2184411 0.1820299 0.2573413 0.1967572 0.1936365 0.2375511 0.1623583 0.2406502 0.2211185 0.2124765 0.1855770 0.2166698 0.2848255 0.2279848 0.0795564 0.0922966 0.0857004 0.1073451 0.1043502 0.2041477 0.2251036 0.1971051 0.1990452 0.1752865 0.2228828 0.1941743 0.2474257 
Culex_quinquefasciatus_MW509603       0.0372298 0.5039298 0.2136705 0.1987064 0.2023553 0.2019137 0.2086268 0.2155994 0.2049587 0.1763550 0.0000010 0.0044815 0.0000010 0.0044815 0.0000000 0.0059162 0.0000010 0.0000010 0.0771086 0.0825837 0.1768740 0.1745353 0.2077964 0.2077964 0.1820299 0.2463454 0.2130615 0.1936365 0.2289112 0.1692515 0.2292815 0.2247675 0.2123811 0.1781871 0.2131591 0.2731110 0.2159007 0.0711457 0.0795177 0.0771086 0.0979165 0.0977377 0.2206176 0.2251036 0.1845335 0.1990452 0.1643491 0.2228828 0.1763550 0.2424964 
Culex_quinquefasciatus_MH463059.1     0.0438196 0.5150439 0.2045574 0.1797406 0.1886787 0.1856629 0.1889048 0.1951360 0.2074583 0.1937501 0.0103292 0.0000010 0.0103292 0.0000010 0.0059162 0.0000000 0.0103292 0.0046183 0.0865685 0.0923210 0.1750437 0.1727307 0.2144076 0.2144076 0.1820299 0.2559332 0.1927913 0.1936365 0.2364955 0.1623583 0.2426769 0.2211185 0.2117923 0.1852834 0.2192570 0.2830155 0.2270571 0.0804832 0.0931021 0.0865685 0.1103966 0.1074234 0.2000617 0.2251036 0.1966452 0.1990452 0.1747952 0.2228828 0.1937501 0.2453204 
Culex_quinquefasciatus_MN389462.1     0.0372298 0.5039298 0.2259327 0.2047723 0.2002208 0.1971395 0.2147409 0.2217962 0.2010814 0.1707560 0.0000010 0.0089419 0.0000010 0.0089276 0.0000010 0.0103292 0.0000000 0.0000010 0.0760443 0.0812919 0.1750437 0.1727307 0.2131409 0.2131409 0.1820299 0.2406173 0.2192526 0.1936365 0.2278793 0.1674890 0.2292815 0.2238077 0.2118912 0.1787846 0.2126475 0.2668517 0.2120206 0.0703031 0.0783570 0.0760443 0.0982464 0.0958179 0.2267536 0.2251036 0.1786372 0.1990452 0.1636584 0.2228828 0.1707560 0.2468323 
Culex_quinquefasciatus_MN005046.1     0.0245031 0.3773144 0.2186362 0.2062873 0.2014453 0.1949022 0.2169127 0.2272650 0.2112558 0.1843841 0.0000010 0.0046183 0.0000010 0.0046106 0.0000010 0.0046183 0.0000010 0.0000000 0.0790884 0.0804288 0.1754580 0.1781769 0.2185865 0.2185865 0.1837859 0.2582519 0.2245419 0.1984762 0.2354353 0.1712301 0.2459527 0.2307444 0.2157157 0.1849880 0.2120402 0.2725292 0.2238567 0.0729039 0.0835754 0.0790884 0.0983642 0.0934953 0.2325112 0.2309237 0.1901870 0.2013032 0.1744102 0.2257117 0.1843841 0.2521671 
Culex_tarsalis_NC_036006.1            0.1337753 0.5851790 0.2486531 0.2229431 0.2187405 0.2155862 0.2332020 0.1989577 0.2057569 0.1522002 0.0760443 0.0858500 0.0762954 0.0857004 0.0771086 0.0865685 0.0760443 0.0790884 0.0000000 0.0568547 0.1693829 0.1686239 0.2166803 0.2166803 0.2019407 0.2399542 0.1966141 0.1988049 0.2411573 0.1885357 0.2096014 0.2122777 0.1850224 0.1482901 0.1906893 0.2574729 0.1891739 0.0509982 0.0042567 0.0000010 0.0935494 0.1046459 0.2197859 0.2373252 0.1639645 0.1622862 0.1678131 0.1917899 0.1522002 0.2463269 
Culex_tarsalis_AF425847               0.1367754 0.5743481 0.2451004 0.2250864 0.2206976 0.2140448 0.2355808 0.2060263 0.1969922 0.1581716 0.0812919 0.0893936 0.0815666 0.0892352 0.0825837 0.0923210 0.0812919 0.0804288 0.0568547 0.0000000 0.1689564 0.1633741 0.2254810 0.2254810 0.1934418 0.2192699 0.2035512 0.1757529 0.2403791 0.1788541 0.1935613 0.2115511 0.1938585 0.1562928 0.1957921 0.2369858 0.1927992 0.0357233 0.0527870 0.0568547 0.0845695 0.1062225 0.1986949 0.2290581 0.1760443 0.1683739 0.1628315 0.2085387 0.1581716 0.2391166 
Culex_erraticus_MH129001              0.2312322 0.5567093 0.2487956 0.2345235 0.2386436 0.2345235 0.2456113 0.2281571 0.2696717 0.2384339 0.1750437 0.1750437 0.1750437 0.1750437 0.1768740 0.1750437 0.1750437 0.1754580 0.1693829 0.1689564 0.0000000 0.0106987 0.1962955 0.1962955 0.1904775 0.2638182 0.2254849 0.2121733 0.2277346 0.2071413 0.2351616 0.2004833 0.2135944 0.2323573 0.2070784 0.2389675 0.2390336 0.1667218 0.1690465 0.1693829 0.1481763 0.1797819 0.2347514 0.2397281 0.2139072 0.2170507 0.2112723 0.2624331 0.2384339 0.2732277 
Culex_erraticus_MH128999.1            0.2228386 0.5468315 0.2490540 0.2320116 0.2361153 0.2320116 0.2348399 0.2142393 0.2608503 0.2316421 0.1727307 0.1727307 0.1727307 0.1727307 0.1745353 0.1727307 0.1727307 0.1781769 0.1686239 0.1633741 0.0106987 0.0000000 0.1991345 0.1991345 0.1899537 0.2493771 0.2116173 0.1911567 0.2253029 0.1938851 0.2145680 0.1927401 0.2134014 0.2355308 0.2100954 0.2355917 0.2250993 0.1661791 0.1682889 0.1686239 0.1426481 0.1841220 0.2265716 0.2231136 0.2004412 0.2067319 0.2143488 0.2534065 0.2316421 0.2618162 
Anopheles_quadrimaculatus_L04272      0.3020738 0.7290265 0.3079920 0.2711392 0.2705309 0.2712754 0.2895787 0.2376617 0.2780402 0.2689328 0.2131409 0.2188517 0.2139819 0.2184411 0.2077964 0.2144076 0.2131409 0.2185865 0.2166803 0.2254810 0.1962955 0.1991345 0.0000000 0.0000010 0.1292155 0.3138697 0.2349892 0.2852468 0.2050623 0.2545850 0.2847588 0.1423989 0.1851746 0.1702349 0.1835316 0.2211964 0.1543071 0.2169307 0.2124712 0.2166803 0.1893764 0.2227567 0.2819491 0.2929824 0.2829623 0.2494846 0.2861605 0.2675691 0.2689328 0.2886639 
Anopheles_quadrimaculatus_L04272.1    0.3020738 0.7290265 0.3079920 0.2711392 0.2705309 0.2712754 0.2895787 0.2376617 0.2780402 0.2689328 0.2131409 0.2188517 0.2139819 0.2184411 0.2077964 0.2144076 0.2131409 0.2185865 0.2166803 0.2254810 0.1962955 0.1991345 0.0000010 0.0000000 0.1292155 0.3138697 0.2349892 0.2852468 0.2050623 0.2545850 0.2847588 0.1423989 0.1851746 0.1702349 0.1835316 0.2211964 0.1543071 0.2169307 0.2124712 0.2166803 0.1893764 0.2227567 0.2819491 0.2929824 0.2829623 0.2494846 0.2861605 0.2675691 0.2689328 0.2886639 
Anopheles_punctipennis_KR666470.1     0.2253309 0.5279033 0.2752042 0.2561886 0.2621877 0.2577161 0.2696288 0.2184673 0.2755562 0.2271725 0.1820299 0.1820299 0.1820299 0.1820299 0.1820299 0.1820299 0.1820299 0.1837859 0.2019407 0.1934418 0.1904775 0.1899537 0.1292155 0.1292155 0.0000000 0.2689986 0.2157434 0.2478186 0.1929270 0.2212800 0.2647873 0.1316065 0.1885191 0.1552883 0.1307225 0.2328550 0.1330474 0.1780146 0.1948510 0.2019407 0.1360983 0.1935742 0.2815926 0.2621762 0.2255100 0.2488239 0.2514394 0.2784771 0.2271725 0.2769931 
Aedes_busckii_MN626443.1              0.3484170 0.6148660 0.2626792 0.2352114 0.2345190 0.2326320 0.2460270 0.1893466 0.2025724 0.1715263 0.2406173 0.2578535 0.2416310 0.2573413 0.2463454 0.2559332 0.2406173 0.2582519 0.2399542 0.2192699 0.2638182 0.2493771 0.3138697 0.3138697 0.2689986 0.0000000 0.1870440 0.1915297 0.2683753 0.1766341 0.1745846 0.2602470 0.2972911 0.2469972 0.2857951 0.3795067 0.2478285 0.2138071 0.2298035 0.2399542 0.2061165 0.2532960 0.2861241 0.2124427 0.2039119 0.2385423 0.2414652 0.2778997 0.1715263 0.2605150 
Aedes_japonicus_KF211494.1            0.2965817 0.5797357 0.1809556 0.1643274 0.1724991 0.1696005 0.1730740 0.0014091 0.1978393 0.1881616 0.2192526 0.1967572 0.2192526 0.1967572 0.2130615 0.1927913 0.2192526 0.2245419 0.1966141 0.2035512 0.2254849 0.2116173 0.2349892 0.2349892 0.2157434 0.1870440 0.0000000 0.1548307 0.2458722 0.1507729 0.1918342 0.2006936 0.2251426 0.2369819 0.2531924 0.3112863 0.2258461 0.2073206 0.1988772 0.1966141 0.1858385 0.2076328 0.2265330 0.2475706 0.2080165 0.2184089 0.2020794 0.2264266 0.1881616 0.2361925 
Aedes_tortilis_JX259682.1             0.2298967 0.4207743 0.2029488 0.1872615 0.1909912 0.1946846 0.1899792 0.1570463 0.2107793 0.1061822 0.1936365 0.1936365 0.1936365 0.1936365 0.1936365 0.1936365 0.1936365 0.1984762 0.1988049 0.1757529 0.2121733 0.1911567 0.2852468 0.2852468 0.2478186 0.1915297 0.1548307 0.0000000 0.2106254 0.1410580 0.1334521 0.2664789 0.2521933 0.2520873 0.2094736 0.3354013 0.2221572 0.1786236 0.1983921 0.1988049 0.1809424 0.2004316 0.2835162 0.1851155 0.1655578 0.1819435 0.2107484 0.1839678 0.1061822 0.2558853 
Aedes_vexans_MH032639                 0.3077114 0.6560075 0.2796168 0.2581645 0.2577270 0.2543468 0.2693244 0.2485286 0.2479227 0.2576894 0.2278793 0.2380055 0.2287975 0.2375511 0.2289112 0.2364955 0.2278793 0.2354353 0.2411573 0.2403791 0.2277346 0.2253029 0.2050623 0.2050623 0.1929270 0.2683753 0.2458722 0.2106254 0.0000000 0.2068396 0.2659132 0.2064832 0.1831953 0.1617277 0.1791918 0.2281228 0.1386166 0.2244923 0.2434983 0.2411573 0.2170088 0.2232316 0.2805029 0.2604493 0.2518651 0.2632397 0.2675341 0.2641132 0.2576894 0.2603848 
Aedes_vexans_KP954638.1               0.2403304 0.4155319 0.1471258 0.1312792 0.1398651 0.1369451 0.1450869 0.1531731 0.1673746 0.1525508 0.1674890 0.1623583 0.1674890 0.1623583 0.1692515 0.1623583 0.1674890 0.1712301 0.1885357 0.1788541 0.2071413 0.1938851 0.2545850 0.2545850 0.2212800 0.1766341 0.1507729 0.1410580 0.2068396 0.0000000 0.1478581 0.2299423 0.2248361 0.1999370 0.2220832 0.2928979 0.2052637 0.1688192 0.1908546 0.1885357 0.1549434 0.1720064 0.2642157 0.1824296 0.1435349 0.1662968 0.1616400 0.1915929 0.1525508 0.2490624 
Aedes_triseriatus_MG242523.1          0.3096672 0.5763698 0.2322087 0.2185524 0.2240211 0.2204706 0.2228216 0.1943850 0.2145195 0.1226544 0.2292815 0.2406502 0.2292815 0.2406502 0.2292815 0.2426769 0.2292815 0.2459527 0.2096014 0.1935613 0.2351616 0.2145680 0.2847588 0.2847588 0.2647873 0.1745846 0.1918342 0.1334521 0.2659132 0.1478581 0.0000000 0.2595341 0.2662611 0.2159570 0.2479717 0.3428543 0.2515120 0.1868661 0.2064007 0.2096014 0.1937611 0.2461610 0.3102963 0.1860586 0.1833493 0.1751348 0.2076911 0.2106256 0.1226544 0.2631748 
Anopheles_crucians_MT040812.1         0.2936493 0.6071586 0.2733725 0.2496999 0.2628828 0.2584291 0.2702967 0.2033195 0.2783705 0.2196796 0.2238077 0.2211185 0.2238077 0.2211185 0.2247675 0.2211185 0.2238077 0.2307444 0.2122777 0.2115511 0.2004833 0.1927401 0.1423989 0.1423989 0.1316065 0.2602470 0.2006936 0.2664789 0.2064832 0.2299423 0.2595341 0.0000000 0.1874628 0.1884454 0.1887516 0.2011592 0.1970735 0.2143381 0.2118547 0.2122777 0.1811355 0.2168949 0.2987650 0.2624683 0.2577965 0.2619280 0.2797836 0.2957610 0.2196796 0.2703281 
Anopheles_albimanus_KC354824          0.3061654 0.7048381 0.2680375 0.2425668 0.2419354 0.2349865 0.2535270 0.2277911 0.2575527 0.2070313 0.2118912 0.2128825 0.2127468 0.2124765 0.2123811 0.2117923 0.2118912 0.2157157 0.1850224 0.1938585 0.2135944 0.2134014 0.1851746 0.1851746 0.1885191 0.2972911 0.2251426 0.2521933 0.1831953 0.2248361 0.2662611 0.1874628 0.0000000 0.1757806 0.1624674 0.2062425 0.1860907 0.1853100 0.1764162 0.1850224 0.1672500 0.2024774 0.2573293 0.2576410 0.2430669 0.2303702 0.2654919 0.2919538 0.2070313 0.3478374 
Anopheles_funestus_MT917175           0.2631486 0.6004150 0.2659163 0.2361861 0.2355218 0.2322896 0.2466487 0.2395653 0.2003501 0.2190555 0.1787846 0.1859237 0.1794713 0.1855770 0.1781871 0.1852834 0.1787846 0.1849880 0.1482901 0.1562928 0.2323573 0.2355308 0.1702349 0.1702349 0.1552883 0.2469972 0.2369819 0.2520873 0.1617277 0.1999370 0.2159570 0.1884454 0.1757806 0.0000000 0.1270836 0.2349210 0.1420862 0.1459769 0.1450715 0.1482901 0.1703911 0.1936849 0.2271644 0.2275144 0.1890565 0.1496016 0.1949093 0.1950177 0.2190555 0.2614700 
Anopheles_gambiae_MG753769            0.2957496 0.6789366 0.2829768 0.2562591 0.2557434 0.2485804 0.2590563 0.2558541 0.2474915 0.1933196 0.2126475 0.2170816 0.2134996 0.2166698 0.2131591 0.2192570 0.2126475 0.2120402 0.1906893 0.1957921 0.2070784 0.2100954 0.1835316 0.1835316 0.1307225 0.2857951 0.2531924 0.2094736 0.1791918 0.2220832 0.2479717 0.1887516 0.1624674 0.1270836 0.0000000 0.2114536 0.1283408 0.1833355 0.1879709 0.1906893 0.1734413 0.1939226 0.2684643 0.2317842 0.2144429 0.2189119 0.2407841 0.2402370 0.1933196 0.3146175 
Anopheles_pseudopunctipennis_KC354820 0.3522091 0.7509762 0.3153961 0.3059517 0.2923129 0.2846650 0.2996053 0.3143230 0.3041980 0.3028317 0.2668517 0.2853808 0.2679598 0.2848255 0.2731110 0.2830155 0.2668517 0.2725292 0.2574729 0.2369858 0.2389675 0.2355917 0.2211964 0.2211964 0.2328550 0.3795067 0.3112863 0.3354013 0.2281228 0.2928979 0.3428543 0.2011592 0.2062425 0.2349210 0.2114536 0.0000000 0.2067281 0.2564109 0.2543853 0.2574729 0.2319323 0.2449974 0.3721551 0.2793021 0.3119710 0.2752678 0.3290940 0.3434613 0.3028317 0.3378759 
Anopheles_stephensi_KT899888          0.2998894 0.6946066 0.2864601 0.2540176 0.2497782 0.2464235 0.2651438 0.2284461 0.2595665 0.2057388 0.2120206 0.2284281 0.2128786 0.2279848 0.2159007 0.2270571 0.2120206 0.2238567 0.1891739 0.1927992 0.2390336 0.2250993 0.1543071 0.1543071 0.1330474 0.2478285 0.2258461 0.2221572 0.1386166 0.2052637 0.2515120 0.1970735 0.1860907 0.1420862 0.1283408 0.2067281 0.0000000 0.1863933 0.1853751 0.1891739 0.1724039 0.2040205 0.2864320 0.2265301 0.2263235 0.2265393 0.2402155 0.2140846 0.2057388 0.2971074 
Culex_nigripalpus_NC_037823.1         0.1289881 0.5252399 0.2279312 0.2043106 0.2001287 0.1970672 0.2141682 0.2097807 0.1979366 0.1428463 0.0703031 0.0796950 0.0705335 0.0795564 0.0711457 0.0804832 0.0703031 0.0729039 0.0509982 0.0357233 0.1667218 0.1661791 0.2169307 0.2169307 0.1780146 0.2138071 0.2073206 0.1786236 0.2244923 0.1688192 0.1868661 0.2143381 0.1853100 0.1459769 0.1833355 0.2564109 0.1863933 0.0000000 0.0492216 0.0509982 0.0702432 0.0876708 0.1854554 0.2130269 0.1541051 0.1579499 0.1638317 0.1921564 0.1428463 0.2195183 
Culex_usquatissimus_NC_036007.1       0.1375019 0.5907126 0.2481657 0.2252991 0.2210988 0.2179366 0.2356000 0.2012297 0.2028903 0.1496524 0.0783570 0.0924585 0.0786178 0.0922966 0.0795177 0.0931021 0.0783570 0.0835754 0.0042567 0.0527870 0.1690465 0.1682889 0.2124712 0.2124712 0.1948510 0.2298035 0.1988772 0.1983921 0.2434983 0.1908546 0.2064007 0.2118547 0.1764162 0.1450715 0.1879709 0.2543853 0.1853751 0.0492216 0.0000000 0.0042567 0.0914829 0.1025123 0.2154353 0.2368399 0.1660725 0.1558199 0.1651253 0.1913882 0.1496524 0.2487200 
Culex_coronator_NC_036006.1           0.1337753 0.5851790 0.2486531 0.2229431 0.2187405 0.2155862 0.2332020 0.1989577 0.2057569 0.1522002 0.0760443 0.0858500 0.0762954 0.0857004 0.0771086 0.0865685 0.0760443 0.0790884 0.0000010 0.0568547 0.1693829 0.1686239 0.2166803 0.2166803 0.2019407 0.2399542 0.1966141 0.1988049 0.2411573 0.1885357 0.2096014 0.2122777 0.1850224 0.1482901 0.1906893 0.2574729 0.1891739 0.0509982 0.0042567 0.0000000 0.0935494 0.1046459 0.2197859 0.2373252 0.1639645 0.1622862 0.1678131 0.1917899 0.1522002 0.2463269 
Culex_sitiens_NC_054318               0.1558091 0.4882387 0.2217680 0.2018731 0.1944448 0.1882819 0.2117058 0.1881479 0.1940958 0.1403622 0.0982464 0.1075376 0.0985872 0.1073451 0.0979165 0.1103966 0.0982464 0.0983642 0.0935494 0.0845695 0.1481763 0.1426481 0.1893764 0.1893764 0.1360983 0.2061165 0.1858385 0.1809424 0.2170088 0.1549434 0.1937611 0.1811355 0.1672500 0.1703911 0.1734413 0.2319323 0.1724039 0.0702432 0.0914829 0.0935494 0.0000000 0.0934323 0.2150875 0.2192575 0.1447041 0.1756578 0.1719044 0.1815035 0.1403622 0.2344204 
Culex_tritaeniorhynchus_KT852976      0.1561049 0.5438759 0.2352196 0.2160229 0.2119267 0.2055713 0.2261156 0.2100642 0.2213083 0.1793506 0.0958179 0.1045380 0.0961531 0.1043502 0.0977377 0.1074234 0.0958179 0.0934953 0.1046459 0.1062225 0.1797819 0.1841220 0.2227567 0.2227567 0.1935742 0.2532960 0.2076328 0.2004316 0.2232316 0.1720064 0.2461610 0.2168949 0.2024774 0.1936849 0.1939226 0.2449974 0.2040205 0.0876708 0.1025123 0.1046459 0.0934323 0.0000000 0.2576455 0.2173109 0.2013314 0.2028269 0.1810864 0.1835477 0.1793506 0.2651463 
Deinocerites_magnus_MH376751.1        0.3050201 0.7030807 0.2528843 0.2228009 0.2331041 0.2312471 0.2268773 0.2291399 0.2770227 0.2799732 0.2267536 0.2041477 0.2267536 0.2041477 0.2206176 0.2000617 0.2267536 0.2325112 0.2197859 0.1986949 0.2347514 0.2265716 0.2819491 0.2819491 0.2815926 0.2861241 0.2265330 0.2835162 0.2805029 0.2642157 0.3102963 0.2987650 0.2573293 0.2271644 0.2684643 0.3721551 0.2864320 0.1854554 0.2154353 0.2197859 0.2150875 0.2576455 0.0000000 0.2900574 0.2364514 0.2304675 0.2409051 0.2304887 0.2799732 0.2936104 
Psorophora_howardii_MG242538.1        0.2743054 0.4664100 0.2199471 0.2114418 0.2077564 0.2039366 0.2065488 0.2504133 0.2669230 0.1698491 0.2251036 0.2251036 0.2251036 0.2251036 0.2251036 0.2251036 0.2251036 0.2309237 0.2373252 0.2290581 0.2397281 0.2231136 0.2929824 0.2929824 0.2621762 0.2124427 0.2475706 0.1851155 0.2604493 0.1824296 0.1860586 0.2624683 0.2576410 0.2275144 0.2317842 0.2793021 0.2265301 0.2130269 0.2368399 0.2373252 0.2192575 0.2173109 0.2900574 0.0000000 0.1455305 0.1112188 0.1526531 0.1371482 0.1698491 0.2747586 
Psorophora_ferox_MK575485             0.2609317 0.5855881 0.1928232 0.1835970 0.1727897 0.1698877 0.1861205 0.2104008 0.1797025 0.1491944 0.1786372 0.1974794 0.1793317 0.1971051 0.1845335 0.1966452 0.1786372 0.1901870 0.1639645 0.1760443 0.2139072 0.2004412 0.2829623 0.2829623 0.2255100 0.2039119 0.2080165 0.1655578 0.2518651 0.1435349 0.1833493 0.2577965 0.2430669 0.1890565 0.2144429 0.3119710 0.2263235 0.1541051 0.1660725 0.1639645 0.1447041 0.2013314 0.2364514 0.1455305 0.0000000 0.1190593 0.1347670 0.1391892 0.1491944 0.2968713 
Psorophora_pygmaea_JX260116.1         0.2427176 0.4613600 0.1996278 0.2029255 0.1991686 0.1953769 0.1981094 0.2210621 0.2130506 0.1540373 0.1990452 0.1990452 0.1990452 0.1990452 0.1990452 0.1990452 0.1990452 0.2013032 0.1622862 0.1683739 0.2170507 0.2067319 0.2494846 0.2494846 0.2488239 0.2385423 0.2184089 0.1819435 0.2632397 0.1662968 0.1751348 0.2619280 0.2303702 0.1496016 0.2189119 0.2752678 0.2265393 0.1579499 0.1558199 0.1622862 0.1756578 0.2028269 0.2304675 0.1112188 0.1190593 0.0000000 0.0928822 0.1067376 0.1540373 0.2803746 
Psorophora_cingulata_KM592989.1       0.2450903 0.5506904 0.1885586 0.1798143 0.1832312 0.1826165 0.1891654 0.2044338 0.1962853 0.1604740 0.1636584 0.1752865 0.1626991 0.1752865 0.1643491 0.1747952 0.1636584 0.1744102 0.1678131 0.1628315 0.2112723 0.2143488 0.2861605 0.2861605 0.2514394 0.2414652 0.2020794 0.2107484 0.2675341 0.1616400 0.2076911 0.2797836 0.2654919 0.1949093 0.2407841 0.3290940 0.2402155 0.1638317 0.1651253 0.1678131 0.1719044 0.1810864 0.2409051 0.1526531 0.1347670 0.0928822 0.0000000 0.0851286 0.1604740 0.3035605 
Psorophora_confinis_KY859921.1        0.2627872 0.4689798 0.2148120 0.2013986 0.2053500 0.2015216 0.2118237 0.2291211 0.2691864 0.1842414 0.2228828 0.2228828 0.2228828 0.2228828 0.2228828 0.2228828 0.2228828 0.2257117 0.1917899 0.2085387 0.2624331 0.2534065 0.2675691 0.2675691 0.2784771 0.2778997 0.2264266 0.1839678 0.2641132 0.1915929 0.2106256 0.2957610 0.2919538 0.1950177 0.2402370 0.3434613 0.2140846 0.1921564 0.1913882 0.1917899 0.1815035 0.1835477 0.2304887 0.1371482 0.1391892 0.1067376 0.0851286 0.0000000 0.1842414 0.3129790 
Culiseta_annulata_MN626442            0.2641807 0.6319102 0.2672811 0.2421919 0.2378188 0.2344973 0.2530670 0.1904203 0.2020904 0.0000010 0.1707560 0.1945481 0.1714270 0.1941743 0.1763550 0.1937501 0.1707560 0.1843841 0.1522002 0.1581716 0.2384339 0.2316421 0.2689328 0.2689328 0.2271725 0.1715263 0.1881616 0.1061822 0.2576894 0.1525508 0.1226544 0.2196796 0.2070313 0.2190555 0.1933196 0.3028317 0.2057388 0.1428463 0.1496524 0.1522002 0.1403622 0.1793506 0.2799732 0.1698491 0.1491944 0.1540373 0.1604740 0.1842414 0.0000000 0.3022737 
Mansonia_annulata_HQ341635            0.3314841 0.7483587 0.3010745 0.2740611 0.2624986 0.2618574 0.2724045 0.2388035 0.2637788 0.3022737 0.2468323 0.2479033 0.2442418 0.2474257 0.2424964 0.2453204 0.2468323 0.2521671 0.2463269 0.2391166 0.2732277 0.2618162 0.2886639 0.2886639 0.2769931 0.2605150 0.2361925 0.2558853 0.2603848 0.2490624 0.2631748 0.2703281 0.3478374 0.2614700 0.3146175 0.3378759 0.2971074 0.2195183 0.2487200 0.2463269 0.2344204 0.2651463 0.2936104 0.2747586 0.2968713 0.2803746 0.3035605 0.3129790 0.3022737 0.0000000 
