53
AT99                                  0.0000000 0.4294838 0.2626256 0.2803254 0.2851987 0.2709753 0.2932880 0.3034183 0.2987476 0.2569053 0.0296984 0.0289008 0.0296984 0.0289008 0.0296984 0.0361330 0.0296984 0.0135688 0.1245152 0.1349108 0.2233743 0.2207531 0.0296984 0.2964514 0.2964514 0.2225950 0.3523952 0.3001725 0.2290981 0.3115273 0.2404392 0.3120520 0.2872324 0.3008136 0.2549366 0.2888591 0.3575107 0.3019262 0.1201046 0.1280732 0.1245152 0.1522813 0.1531506 0.3065974 0.2693246 0.4153536 0.2622297 0.2352849 0.2408121 0.2636317 0.2092339 0.2569053 0.3372376 
AT_ROCK_                              0.4294838 0.0000000 0.1404769 0.1380899 0.1539584 0.1514925 0.1476703 0.4233728 0.4091833 0.5273072 0.4281009 0.3966804 0.4281009 0.3966804 0.4085779 0.4038196 0.4281009 0.3786491 0.4718791 0.4876101 0.5195324 0.5082362 0.4281009 0.5900344 0.5900344 0.5105934 0.4936249 0.4196832 0.4090282 0.5547170 0.3149977 0.4550748 0.5217797 0.5883033 0.4943668 0.5831378 0.6427418 0.5506135 0.4481181 0.4918751 0.4718791 0.4224281 0.4610175 0.5690644 0.4334403 0.7705357 0.4325728 0.4438015 0.4107316 0.4267844 0.4057986 0.5273072 0.6158012 
Aedes_aegypti_MN299002.1              0.2626256 0.1404769 0.0000000 0.0075710 0.0077357 0.0092408 0.0075904 0.1913734 0.1965606 0.2846266 0.2374259 0.2141082 0.2314922 0.2136860 0.2239651 0.2141082 0.2374259 0.2296096 0.2596077 0.2608291 0.2596825 0.2599593 0.2374259 0.3302774 0.3302774 0.2907069 0.2785980 0.1887135 0.2134638 0.3003860 0.1512737 0.2435804 0.2875426 0.2857730 0.2826719 0.3032133 0.3381975 0.3067833 0.2388592 0.2589873 0.2596077 0.2320791 0.2462669 0.2673949 0.2300285 0.4421913 0.2043323 0.2082337 0.1972723 0.2257668 0.2620188 0.2846266 0.3212100 
Aedes_aegypti_MK300221.1              0.2803254 0.1380899 0.0075710 0.0000000 0.0073293 0.0088490 0.0071987 0.1728538 0.1810647 0.2538234 0.2145294 0.1908778 0.2145294 0.1908778 0.2071142 0.1870432 0.2145294 0.2164976 0.2321025 0.2364609 0.2444605 0.2418243 0.2145294 0.2867999 0.2867999 0.2694508 0.2486493 0.1704478 0.1960577 0.2733630 0.1342863 0.2279881 0.2611733 0.2557202 0.2470551 0.2704013 0.3247899 0.2679795 0.2134898 0.2344881 0.2321025 0.2107184 0.2256327 0.2341521 0.2203750 0.4415976 0.1922057 0.2118014 0.1877699 0.2106762 0.2480709 0.2538234 0.2912312 
Aedes_aegypti_MN298992.1              0.2851987 0.1539584 0.0077357 0.0073293 0.0000000 0.0014558 0.0028921 0.1816969 0.1787522 0.2478148 0.2087405 0.2007978 0.2087405 0.2007978 0.2110453 0.1966177 0.2087405 0.2103264 0.2262377 0.2305340 0.2489092 0.2462518 0.2087405 0.2842381 0.2842381 0.2748685 0.2463778 0.1791633 0.2000809 0.2711263 0.1433103 0.2331085 0.2753768 0.2534953 0.2448540 0.2682218 0.3079620 0.2616884 0.2077273 0.2286150 0.2262377 0.2015652 0.2197140 0.2442981 0.2161774 0.4495887 0.1794753 0.2077500 0.1914430 0.2147231 0.2557955 0.2478148 0.2760956 
Aedes_aegypti_MN298993.1              0.2709753 0.1514925 0.0092408 0.0088490 0.0014558 0.0000000 0.0043652 0.1785733 0.1757068 0.2442280 0.2054253 0.1943063 0.2054253 0.1943063 0.2105569 0.1933785 0.2054253 0.2032889 0.2228556 0.2234390 0.2444605 0.2418243 0.2054253 0.2841035 0.2841035 0.2700208 0.2435151 0.1760610 0.2040690 0.2674511 0.1402356 0.2292683 0.2705101 0.2460833 0.2413750 0.2605320 0.2996539 0.2580514 0.2044425 0.2252236 0.2228556 0.1950438 0.2129843 0.2415094 0.2120630 0.4426134 0.1763766 0.2036652 0.1907806 0.2105786 0.2510051 0.2442280 0.2753360 
Aedes_aegypti_MK300224.1              0.2932880 0.1476703 0.0075904 0.0071987 0.0028921 0.0043652 0.0000000 0.1822187 0.1906427 0.2657903 0.2252807 0.2009042 0.2252807 0.2009042 0.2177362 0.1968159 0.2252807 0.2279735 0.2431133 0.2480094 0.2563667 0.2447947 0.2252807 0.3067044 0.3067044 0.2830412 0.2604243 0.1797384 0.1989116 0.2855380 0.1487703 0.2317337 0.2835827 0.2675604 0.2585174 0.2735465 0.3177461 0.2800794 0.2240776 0.2455482 0.2431133 0.2212566 0.2364516 0.2376955 0.2150251 0.4620376 0.1948527 0.2065330 0.1977577 0.2218882 0.2638187 0.2657903 0.2885574 
Aedes_albopictus_KF211505             0.3034183 0.4233728 0.1913734 0.1728538 0.1816969 0.1785733 0.1822187 0.0000000 0.2097058 0.1982461 0.2340084 0.2089582 0.2340084 0.2089582 0.2263506 0.2046359 0.2340084 0.2402623 0.2079656 0.2187466 0.2407126 0.2261281 0.2340084 0.2511548 0.2511548 0.2277428 0.1972974 0.0014124 0.1635311 0.2635694 0.1588387 0.2019890 0.2126405 0.2415186 0.2510470 0.2694174 0.3356719 0.2431448 0.2203483 0.2102569 0.2079656 0.1969245 0.2195948 0.2424776 0.2632621 0.3727477 0.2191145 0.2302539 0.2111561 0.2385001 0.2709800 0.1982461 0.2514054 
Aedes_albopictus_MN513368             0.2987476 0.4091833 0.1965606 0.1810647 0.1787522 0.1757068 0.1906427 0.2097058 0.0000000 0.1648506 0.2086258 0.2207949 0.2088079 0.2203545 0.2136745 0.2195594 0.2084399 0.2275231 0.2288078 0.2054253 0.2852420 0.2756477 0.2084399 0.2654236 0.2654236 0.2921144 0.1991355 0.2070616 0.2191688 0.2695180 0.1729730 0.2261644 0.2938422 0.2482382 0.2099729 0.2641131 0.2765756 0.2726186 0.2194869 0.2193701 0.2288078 0.2038248 0.2429346 0.2971694 0.2830639 0.4269593 0.1874133 0.2236347 0.2032608 0.2855635 0.2495851 0.1648506 0.2399572 
Aedes_taeniorhynchus_MN626442.1       0.2569053 0.5273072 0.2846266 0.2538234 0.2478148 0.2442280 0.2657903 0.1982461 0.1648506 0.0000000 0.1529073 0.2030788 0.1535440 0.2026817 0.1811528 0.2021627 0.1527765 0.1921653 0.1517702 0.1483356 0.2498592 0.2417286 0.1527765 0.2524343 0.2524343 0.2378489 0.1505384 0.1956887 0.1088059 0.2674908 0.1583541 0.1273823 0.2307799 0.2020911 0.2032599 0.2224359 0.2708519 0.2071707 0.1472740 0.1451373 0.1517702 0.1343844 0.1665423 0.2951467 0.1754815 0.3551320 0.1350098 0.1581736 0.1632403 0.1897960 0.2297269 0.0000010 0.2435253 
Culex_pipiens_KP293422.1              0.0296984 0.4281009 0.2374259 0.2145294 0.2087405 0.2054253 0.2252807 0.2340084 0.2086258 0.1529073 0.0000000 0.0090074 0.0000010 0.0089928 0.0000010 0.0104056 0.0000010 0.0000010 0.0743722 0.0841392 0.1812805 0.1788821 0.0000010 0.2261713 0.2261713 0.1880833 0.2141968 0.2311166 0.2027247 0.2274727 0.1743187 0.2395719 0.2326981 0.2123737 0.1908143 0.2181374 0.2453537 0.2196342 0.0772077 0.0748739 0.0743722 0.0937936 0.0979114 0.2370034 0.2364960 0.3903070 0.1627034 0.2078398 0.1703325 0.2338539 0.2054209 0.1529073 0.2372908 
Culex_pipiens_MK714012.1              0.0289008 0.3966804 0.2141082 0.1908778 0.2007978 0.1943063 0.2009042 0.2089582 0.2207949 0.2030788 0.0090074 0.0000000 0.0090074 0.0000010 0.0044934 0.0000010 0.0090074 0.0046502 0.0880098 0.0920837 0.1812805 0.1788821 0.0090074 0.2284582 0.2284582 0.1880833 0.2714595 0.2062244 0.2027247 0.2511526 0.1689619 0.2516182 0.2298800 0.2228589 0.1928325 0.2263476 0.3016524 0.2397725 0.0816577 0.0948466 0.0880098 0.1109084 0.1083134 0.2120858 0.2364960 0.3903070 0.2073620 0.2078398 0.1836942 0.2338539 0.2054209 0.2030788 0.2620713 
Culex_pipiens_KP293425.1              0.0296984 0.4281009 0.2314922 0.2145294 0.2087405 0.2054253 0.2252807 0.2340084 0.2088079 0.1535440 0.0000010 0.0090074 0.0000000 0.0089928 0.0000010 0.0104056 0.0000010 0.0000010 0.0752825 0.0842560 0.1812805 0.1788821 0.0000010 0.2284373 0.2284373 0.1880833 0.2158000 0.2311166 0.2027247 0.2297856 0.1743187 0.2395719 0.2326981 0.2123390 0.1925036 0.2202723 0.2454822 0.2218278 0.0781485 0.0757945 0.0752825 0.0949891 0.0991820 0.2370034 0.2364960 0.3903070 0.1627342 0.2078398 0.1703325 0.2338539 0.2054209 0.1535440 0.2374823 
Culex_pipiens_MK714001.1              0.0289008 0.3966804 0.2136860 0.1908778 0.2007978 0.1943063 0.2009042 0.2089582 0.2203545 0.2026817 0.0089928 0.0000010 0.0089928 0.0000000 0.0044934 0.0000010 0.0089928 0.0046423 0.0878536 0.0919171 0.1812805 0.1788821 0.0089928 0.2280227 0.2280227 0.1880833 0.2709097 0.2062244 0.2027247 0.2506633 0.1689619 0.2516182 0.2298800 0.2224266 0.1924680 0.2259108 0.3010508 0.2392973 0.0815130 0.0946774 0.0878536 0.1107052 0.1081150 0.2120858 0.2364960 0.3903070 0.2069611 0.2078398 0.1836942 0.2338539 0.2054209 0.2026817 0.2615536 
Culex_quinquefasciatus_MW509603       0.0296984 0.4085779 0.2239651 0.2071142 0.2110453 0.2105569 0.2177362 0.2263506 0.2136745 0.1811528 0.0000010 0.0044934 0.0000010 0.0044934 0.0000000 0.0059330 0.0000010 0.0000010 0.0797673 0.0837320 0.1832296 0.1808039 0.0000010 0.2135665 0.2135665 0.1880833 0.2553142 0.2234771 0.2027247 0.2405646 0.1762180 0.2395719 0.2337285 0.2189179 0.1819352 0.2188284 0.2872002 0.2229578 0.0717479 0.0802703 0.0797673 0.0993971 0.0997060 0.2294055 0.2364960 0.3903070 0.1907608 0.2078398 0.1721282 0.2338539 0.2054209 0.1811528 0.2555061 
Culex_quinquefasciatus_MH463059.1     0.0361330 0.4038196 0.2141082 0.1870432 0.1966177 0.1933785 0.1968159 0.2046359 0.2195594 0.2021627 0.0104056 0.0000010 0.0104056 0.0000010 0.0059330 0.0000000 0.0104056 0.0046502 0.0887323 0.0950888 0.1812805 0.1788821 0.0104056 0.2237092 0.2237092 0.1880833 0.2693023 0.2019689 0.2027247 0.2494284 0.1689619 0.2537353 0.2298800 0.2216223 0.1921094 0.2285615 0.2989874 0.2382175 0.0824528 0.0954917 0.0887323 0.1138442 0.1112732 0.2077527 0.2364960 0.3903070 0.2063859 0.2078398 0.1830921 0.2338539 0.2054209 0.2021627 0.2591692 
Culex_quinquefasciatus_MN389462.1     0.0296984 0.4281009 0.2374259 0.2145294 0.2087405 0.2054253 0.2252807 0.2340084 0.2084399 0.1527765 0.0000010 0.0090074 0.0000010 0.0089928 0.0000010 0.0104056 0.0000000 0.0000010 0.0743139 0.0840717 0.1812805 0.1788821 0.0000010 0.2259735 0.2259735 0.1880833 0.2140056 0.2311166 0.2027247 0.2272716 0.1743187 0.2395719 0.2326981 0.2123737 0.1906479 0.2179466 0.2453537 0.2194391 0.0771477 0.0748149 0.0743139 0.0937190 0.0978326 0.2370034 0.2364960 0.3903070 0.1625656 0.2078398 0.1703325 0.2338539 0.2054209 0.1527765 0.2372908 
Culex_quinquefasciatus_MN005046.1     0.0135688 0.3786491 0.2296096 0.2164976 0.2103264 0.2032889 0.2279735 0.2402623 0.2275231 0.1921653 0.0000010 0.0046502 0.0000010 0.0046423 0.0000010 0.0046502 0.0000010 0.0000000 0.0797991 0.0836415 0.1818086 0.1846315 0.0000010 0.2275821 0.2275821 0.1899695 0.2722737 0.2371688 0.2079124 0.2476795 0.1784207 0.2574695 0.2401113 0.2252704 0.1916098 0.2205330 0.2867831 0.2342440 0.0735169 0.0843705 0.0797991 0.0998280 0.0953480 0.2434065 0.2427809 0.3926810 0.1993661 0.2103201 0.1830304 0.2369869 0.2108588 0.1921653 0.2670838 
Culex_tarsalis_NC_036006.1            0.1245152 0.4718791 0.2596077 0.2321025 0.2262377 0.2228556 0.2431133 0.2079656 0.2288078 0.1517702 0.0743722 0.0880098 0.0752825 0.0878536 0.0797673 0.0887323 0.0743139 0.0797991 0.0000000 0.0683799 0.1744949 0.1731234 0.0743139 0.2353723 0.2353723 0.2083635 0.2188125 0.2053031 0.2066900 0.2369124 0.1947240 0.2187697 0.2203370 0.1930840 0.1706694 0.2006098 0.2352879 0.2167909 0.0652750 0.0095414 0.0000010 0.0932955 0.0962176 0.2297366 0.2480673 0.3786533 0.1617897 0.1678545 0.1751089 0.1990296 0.2162279 0.1517702 0.2499985 
Culex_tarsalis_AF425847               0.1349108 0.4876101 0.2608291 0.2364609 0.2305340 0.2234390 0.2480094 0.2187466 0.2054253 0.1483356 0.0841392 0.0920837 0.0842560 0.0919171 0.0837320 0.0950888 0.0840717 0.0836415 0.0683799 0.0000000 0.1747796 0.1681945 0.0840717 0.2239007 0.2239007 0.1995897 0.2149082 0.2159141 0.1826018 0.2457886 0.1853367 0.2020127 0.2203294 0.2075708 0.1743106 0.2187657 0.2230237 0.2138474 0.0544340 0.0636957 0.0683799 0.0853321 0.1039357 0.2079301 0.2405893 0.3275122 0.1843579 0.1742176 0.1686616 0.2191863 0.2114134 0.1483356 0.2330917 
Culex_erraticus_MH129001              0.2233743 0.5195324 0.2596825 0.2444605 0.2489092 0.2444605 0.2563667 0.2407126 0.2852420 0.2498592 0.1812805 0.1812805 0.1812805 0.1812805 0.1832296 0.1812805 0.1812805 0.1818086 0.1744949 0.1747796 0.0000000 0.0107380 0.1812805 0.2038952 0.2038952 0.1963847 0.2763097 0.2376976 0.2214580 0.2358964 0.2150146 0.2476348 0.2074013 0.2221618 0.2402451 0.2146458 0.2506378 0.2495470 0.1726792 0.1740742 0.1744949 0.1536895 0.1859262 0.2445225 0.2502601 0.4036296 0.2237075 0.2266269 0.2210605 0.2759562 0.2179867 0.2498592 0.2879629 
Culex_erraticus_MH128999.1            0.2207531 0.5082362 0.2599593 0.2418243 0.2462518 0.2418243 0.2447947 0.2261281 0.2756477 0.2417286 0.1788821 0.1788821 0.1788821 0.1788821 0.1808039 0.1788821 0.1788821 0.1846315 0.1731234 0.1681945 0.0107380 0.0000000 0.1788821 0.2070790 0.2070790 0.1960219 0.2609017 0.2231604 0.1990832 0.2333527 0.2011499 0.2248261 0.1993492 0.2223590 0.2435589 0.2177889 0.2461118 0.2348827 0.1713014 0.1727075 0.1731234 0.1474142 0.1897837 0.2359758 0.2324364 0.3998861 0.2096101 0.2153840 0.2243008 0.2662905 0.2091793 0.2417286 0.2754432 
Culex_erraticus_MN389459              0.0296984 0.4281009 0.2374259 0.2145294 0.2087405 0.2054253 0.2252807 0.2340084 0.2084399 0.1527765 0.0000010 0.0090074 0.0000010 0.0089928 0.0000010 0.0104056 0.0000010 0.0000010 0.0743139 0.0840717 0.1812805 0.1788821 0.0000000 0.2259735 0.2259735 0.1880833 0.2140056 0.2311166 0.2027247 0.2272716 0.1743187 0.2395719 0.2326981 0.2123737 0.1906479 0.2179466 0.2453537 0.2194391 0.0771477 0.0748149 0.0743139 0.0937190 0.0978326 0.2370034 0.2364960 0.3903070 0.1625656 0.2078398 0.1703325 0.2338539 0.2054209 0.1527765 0.2372908 
Anopheles_quadrimaculatus_L04272      0.2964514 0.5900344 0.3302774 0.2867999 0.2842381 0.2841035 0.3067044 0.2511548 0.2654236 0.2524343 0.2261713 0.2284582 0.2284373 0.2280227 0.2135665 0.2237092 0.2259735 0.2275821 0.2353723 0.2239007 0.2038952 0.2070790 0.2259735 0.0000000 0.0000010 0.1340108 0.3341980 0.2483273 0.3021669 0.2065033 0.2659806 0.3016183 0.1468298 0.1909219 0.1771866 0.2005881 0.2011454 0.1834331 0.2317442 0.2359484 0.2353723 0.2205055 0.2534716 0.2979435 0.3093175 0.4893251 0.2762199 0.2623349 0.2994560 0.2828830 0.2514226 0.2524343 0.3186525 
Anopheles_quadrimaculatus_L04272.1    0.2964514 0.5900344 0.3302774 0.2867999 0.2842381 0.2841035 0.3067044 0.2511548 0.2654236 0.2524343 0.2261713 0.2284582 0.2284373 0.2280227 0.2135665 0.2237092 0.2259735 0.2275821 0.2353723 0.2239007 0.2038952 0.2070790 0.2259735 0.0000010 0.0000000 0.1340108 0.3341980 0.2483273 0.3021669 0.2065033 0.2659806 0.3016183 0.1468298 0.1909219 0.1771866 0.2005881 0.2011454 0.1834331 0.2317442 0.2359484 0.2353723 0.2205055 0.2534716 0.2979435 0.3093175 0.4893251 0.2762199 0.2623349 0.2994560 0.2828830 0.2514226 0.2524343 0.3186525 
Anopheles_punctipennis_KR666470.1     0.2225950 0.5105934 0.2907069 0.2694508 0.2748685 0.2700208 0.2830412 0.2277428 0.2921144 0.2378489 0.1880833 0.1880833 0.1880833 0.1880833 0.1880833 0.1880833 0.1880833 0.1899695 0.2083635 0.1995897 0.1963847 0.1960219 0.1880833 0.1340108 0.1340108 0.0000000 0.2820609 0.2248860 0.2597670 0.2000691 0.2299927 0.2787125 0.1356110 0.1962782 0.1591696 0.1339596 0.2438095 0.1378549 0.1845111 0.2008929 0.2083635 0.1405749 0.2003095 0.2941678 0.2744680 0.4851846 0.2347880 0.2597933 0.2626783 0.2930889 0.2730384 0.2378489 0.2914331 
Aedes_busckii_MN626443.1              0.3523952 0.4936249 0.2785980 0.2486493 0.2463778 0.2435151 0.2604243 0.1972974 0.1991355 0.1505384 0.2141968 0.2714595 0.2158000 0.2709097 0.2553142 0.2693023 0.2140056 0.2722737 0.2188125 0.2149082 0.2763097 0.2609017 0.2140056 0.3341980 0.3341980 0.2820609 0.0000000 0.1946785 0.2002789 0.2940764 0.1839557 0.1827907 0.2728155 0.2861233 0.2692171 0.3047425 0.3465517 0.2739283 0.2154182 0.2122392 0.2188125 0.2017593 0.2501961 0.3031895 0.2215695 0.2954461 0.2128611 0.2490555 0.2502793 0.2918742 0.2472253 0.1505384 0.2351428 
Aedes_japonicus_KF211494.1            0.3001725 0.4196832 0.1887135 0.1704478 0.1791633 0.1760610 0.1797384 0.0014124 0.2070616 0.1956887 0.2311166 0.2062244 0.2311166 0.2062244 0.2234771 0.2019689 0.2311166 0.2371688 0.2053031 0.2159141 0.2376976 0.2231604 0.2311166 0.2483273 0.2483273 0.2248860 0.1946785 0.0000000 0.1610078 0.2605492 0.1563387 0.1993313 0.2098735 0.2387096 0.2481288 0.2664087 0.3323364 0.2401673 0.2175538 0.2075860 0.2053031 0.1942917 0.2168394 0.2397396 0.2600572 0.3687793 0.2164239 0.2272615 0.2085042 0.2354562 0.2677736 0.1956887 0.2486401 
Aedes_tortilis_JX259682.1             0.2290981 0.4090282 0.2134638 0.1960577 0.2000809 0.2040690 0.1989116 0.1635311 0.2191688 0.1088059 0.2027247 0.2027247 0.2027247 0.2027247 0.2027247 0.2027247 0.2027247 0.2079124 0.2066900 0.1826018 0.2214580 0.1990832 0.2027247 0.3021669 0.3021669 0.2597670 0.2002789 0.1610078 0.0000000 0.2189810 0.1473376 0.1388473 0.2808529 0.2647731 0.2630865 0.2179230 0.3548370 0.2333430 0.1849837 0.2061663 0.2066900 0.1881334 0.2090293 0.2996028 0.1919843 0.3121489 0.1716960 0.1885391 0.2168212 0.1908556 0.2289795 0.1088059 0.2687943 
Aedes_vexans_MH032639                 0.3115273 0.5547170 0.3003860 0.2733630 0.2711263 0.2674511 0.2855380 0.2635694 0.2695180 0.2674908 0.2274727 0.2511526 0.2297856 0.2506633 0.2405646 0.2494284 0.2272716 0.2476795 0.2369124 0.2457886 0.2358964 0.2333527 0.2272716 0.2065033 0.2065033 0.2000691 0.2940764 0.2605492 0.2189810 0.0000000 0.2153918 0.2797358 0.2129467 0.1745110 0.1843227 0.1843573 0.2073129 0.1667525 0.2267306 0.2454951 0.2369124 0.2088075 0.2442989 0.2961494 0.2745581 0.4258951 0.2678104 0.2775851 0.2815112 0.2764691 0.2628551 0.2674908 0.2691162 
Aedes_vexans_KP954638.1               0.2404392 0.3149977 0.1512737 0.1342863 0.1433103 0.1402356 0.1487703 0.1588387 0.1729730 0.1583541 0.1743187 0.1689619 0.1743187 0.1689619 0.1762180 0.1689619 0.1743187 0.1784207 0.1947240 0.1853367 0.2150146 0.2011499 0.1743187 0.2659806 0.2659806 0.2299927 0.1839557 0.1563387 0.1473376 0.2153918 0.0000000 0.1531687 0.2387835 0.2344335 0.2060249 0.2302152 0.3057748 0.2133409 0.1739088 0.1970580 0.1947240 0.1597071 0.1774905 0.2769514 0.1895873 0.3557759 0.1489544 0.1713874 0.1679660 0.1998199 0.2199684 0.1583541 0.2614672 
Aedes_triseriatus_MG242523.1          0.3120520 0.4550748 0.2435804 0.2279881 0.2331085 0.2292683 0.2317337 0.2019890 0.2261644 0.1273823 0.2395719 0.2516182 0.2395719 0.2516182 0.2395719 0.2537353 0.2395719 0.2574695 0.2187697 0.2020127 0.2476348 0.2248261 0.2395719 0.3016183 0.3016183 0.2787125 0.1827907 0.1993313 0.1388473 0.2797358 0.1531687 0.0000000 0.2730361 0.2808730 0.2248113 0.2602099 0.3638181 0.2649702 0.1945119 0.2155466 0.2187697 0.2017470 0.2565795 0.3270841 0.1928338 0.3204988 0.1904812 0.1818076 0.2160750 0.2195616 0.2610526 0.1273823 0.2760155 
Anopheles_crucians_MT040812.1         0.2872324 0.5217797 0.2875426 0.2611733 0.2753768 0.2705101 0.2835827 0.2126405 0.2938422 0.2307799 0.2326981 0.2298800 0.2326981 0.2298800 0.2337285 0.2298800 0.2326981 0.2401113 0.2203370 0.2203294 0.2074013 0.1993492 0.2326981 0.1468298 0.1468298 0.1356110 0.2728155 0.2098735 0.2808529 0.2129467 0.2387835 0.2730361 0.0000000 0.1958650 0.1931703 0.1942630 0.2088323 0.2053560 0.2230704 0.2198024 0.2203370 0.1878950 0.2239916 0.3142891 0.2753872 0.4580088 0.2700448 0.2756863 0.2944430 0.3125816 0.2755067 0.2307799 0.2835194 
Anopheles_albimanus_KC354824          0.3008136 0.5883033 0.2857730 0.2557202 0.2534953 0.2460833 0.2675604 0.2415186 0.2482382 0.2020911 0.2123737 0.2228589 0.2123390 0.2224266 0.2189179 0.2216223 0.2123737 0.2252704 0.1930840 0.2075708 0.2221618 0.2223590 0.2123737 0.1909219 0.1909219 0.1962782 0.2861233 0.2387096 0.2647731 0.1745110 0.2344335 0.2808730 0.1958650 0.0000000 0.1808100 0.1827853 0.1953575 0.1855299 0.1926579 0.1806679 0.1930840 0.1855309 0.2028608 0.2719328 0.2703873 0.4701007 0.2285858 0.2407858 0.2794590 0.3090720 0.2774775 0.2020911 0.3460196 
Anopheles_funestus_MT917175           0.2549366 0.4943668 0.2826719 0.2470551 0.2448540 0.2413750 0.2585174 0.2510470 0.2099729 0.2032599 0.1908143 0.1928325 0.1925036 0.1924680 0.1819352 0.1921094 0.1906479 0.1916098 0.1706694 0.1743106 0.2402451 0.2435589 0.1906479 0.1771866 0.1771866 0.1591696 0.2692171 0.2481288 0.2630865 0.1843227 0.2060249 0.2248113 0.1931703 0.1808100 0.0000000 0.1528512 0.2268882 0.1473879 0.1722115 0.1677914 0.1706694 0.1709798 0.1995046 0.2362910 0.2363878 0.3663400 0.2127152 0.1547398 0.2008992 0.2025098 0.2320056 0.2032599 0.2570840 
Anopheles_gambiae_MG753769            0.2888591 0.5831378 0.3032133 0.2704013 0.2682218 0.2605320 0.2735465 0.2694174 0.2641131 0.2224359 0.2181374 0.2263476 0.2202723 0.2259108 0.2188284 0.2285615 0.2179466 0.2205330 0.2006098 0.2187657 0.2146458 0.2177889 0.2179466 0.2005881 0.2005881 0.1339596 0.3047425 0.2664087 0.2179230 0.1843573 0.2302152 0.2602099 0.1942630 0.1827853 0.1528512 0.0000000 0.2075267 0.1493226 0.1928403 0.1922913 0.2006098 0.1940490 0.2056159 0.2827012 0.2424884 0.4104934 0.2302874 0.2282861 0.2494676 0.2514411 0.2848303 0.2224359 0.3226526 
Anopheles_pseudopunctipennis_KC354820 0.3575107 0.6427418 0.3381975 0.3247899 0.3079620 0.2996539 0.3177461 0.3356719 0.2765756 0.2708519 0.2453537 0.3016524 0.2454822 0.3010508 0.2872002 0.2989874 0.2453537 0.2867831 0.2352879 0.2230237 0.2506378 0.2461118 0.2453537 0.2011454 0.2011454 0.2438095 0.3465517 0.3323364 0.3548370 0.2073129 0.3057748 0.3638181 0.2088323 0.1953575 0.2268882 0.2075267 0.0000000 0.2111818 0.2300138 0.2287065 0.2352879 0.2305980 0.2424994 0.3972203 0.2937054 0.5637371 0.2726859 0.2889575 0.3505326 0.3658155 0.3657216 0.2708519 0.3129389 
Anopheles_stephensi_KT899888          0.3019262 0.5506135 0.3067833 0.2679795 0.2616884 0.2580514 0.2800794 0.2431448 0.2726186 0.2071707 0.2196342 0.2397725 0.2218278 0.2392973 0.2229578 0.2382175 0.2194391 0.2342440 0.2167909 0.2138474 0.2495470 0.2348827 0.2194391 0.1834331 0.1834331 0.1378549 0.2739283 0.2401673 0.2333430 0.1667525 0.2133409 0.2649702 0.2053560 0.1855299 0.1473879 0.1493226 0.2111818 0.0000000 0.2050842 0.2098873 0.2167909 0.1925462 0.2214978 0.3027988 0.2384396 0.4167383 0.2350311 0.2369628 0.2516832 0.2259409 0.2464427 0.2071707 0.2956878 
Culex_nigripalpus_NC_037823.1         0.1201046 0.4481181 0.2388592 0.2134898 0.2077273 0.2044425 0.2240776 0.2203483 0.2194869 0.1472740 0.0772077 0.0816577 0.0781485 0.0815130 0.0717479 0.0824528 0.0771477 0.0735169 0.0652750 0.0544340 0.1726792 0.1713014 0.0771477 0.2317442 0.2317442 0.1845111 0.2154182 0.2175538 0.1849837 0.2267306 0.1739088 0.1945119 0.2230704 0.1926579 0.1722115 0.1928403 0.2300138 0.2050842 0.0000000 0.0600766 0.0652750 0.0836865 0.0997982 0.1921041 0.2218286 0.3182719 0.1638847 0.1630602 0.1689822 0.2000896 0.1777727 0.1472740 0.2162448 
Culex_usquatissimus_NC_036007.1       0.1280732 0.4918751 0.2589873 0.2344881 0.2286150 0.2252236 0.2455482 0.2102569 0.2193701 0.1451373 0.0748739 0.0948466 0.0757945 0.0946774 0.0802703 0.0954917 0.0748149 0.0843705 0.0095414 0.0636957 0.1740742 0.1727075 0.0748149 0.2359484 0.2359484 0.2008929 0.2122392 0.2075860 0.2061663 0.2454951 0.1970580 0.2155466 0.2198024 0.1806679 0.1677914 0.1922913 0.2287065 0.2098873 0.0600766 0.0000000 0.0095414 0.0910476 0.0942515 0.2250481 0.2474484 0.3778250 0.1635947 0.1610370 0.1698083 0.1985191 0.2082459 0.1451373 0.2517076 
Culex_coronator_NC_036006.1           0.1245152 0.4718791 0.2596077 0.2321025 0.2262377 0.2228556 0.2431133 0.2079656 0.2288078 0.1517702 0.0743722 0.0880098 0.0752825 0.0878536 0.0797673 0.0887323 0.0743139 0.0797991 0.0000010 0.0683799 0.1744949 0.1731234 0.0743139 0.2353723 0.2353723 0.2083635 0.2188125 0.2053031 0.2066900 0.2369124 0.1947240 0.2187697 0.2203370 0.1930840 0.1706694 0.2006098 0.2352879 0.2167909 0.0652750 0.0095414 0.0000000 0.0932955 0.0962176 0.2297366 0.2480673 0.3786533 0.1617897 0.1678545 0.1751089 0.1990296 0.2162279 0.1517702 0.2499985 
Culex_sitiens_NC_054318               0.1522813 0.4224281 0.2320791 0.2107184 0.2015652 0.1950438 0.2212566 0.1969245 0.2038248 0.1343844 0.0937936 0.1109084 0.0949891 0.1107052 0.0993971 0.1138442 0.0937190 0.0998280 0.0932955 0.0853321 0.1536895 0.1474142 0.0937190 0.2205055 0.2205055 0.1405749 0.2017593 0.1942917 0.1881334 0.2088075 0.1597071 0.2017470 0.1878950 0.1855309 0.1709798 0.1940490 0.2305980 0.1925462 0.0836865 0.0910476 0.0932955 0.0000000 0.0925670 0.2252657 0.2285372 0.3796565 0.1511752 0.1821507 0.1775387 0.1891265 0.1807701 0.1343844 0.2238589 
Culex_tritaeniorhynchus_KT852976      0.1531506 0.4610175 0.2462669 0.2256327 0.2197140 0.2129843 0.2364516 0.2195948 0.2429346 0.1665423 0.0979114 0.1083134 0.0991820 0.1081150 0.0997060 0.1112732 0.0978326 0.0953480 0.0962176 0.1039357 0.1859262 0.1897837 0.0978326 0.2534716 0.2534716 0.2003095 0.2501961 0.2168394 0.2090293 0.2442989 0.1774905 0.2565795 0.2239916 0.2028608 0.1995046 0.2056159 0.2424994 0.2214978 0.0997982 0.0942515 0.0962176 0.0925670 0.0000000 0.2695539 0.2261201 0.3823246 0.1791972 0.2100758 0.1864147 0.1897834 0.2093090 0.1665423 0.2467069 
Deinocerites_magnus_MH376751.1        0.3065974 0.5690644 0.2673949 0.2341521 0.2442981 0.2415094 0.2376955 0.2424776 0.2971694 0.2951467 0.2370034 0.2120858 0.2370034 0.2120858 0.2294055 0.2077527 0.2370034 0.2434065 0.2297366 0.2079301 0.2445225 0.2359758 0.2370034 0.2979435 0.2979435 0.2941678 0.3031895 0.2397396 0.2996028 0.2961494 0.2769514 0.3270841 0.3142891 0.2719328 0.2362910 0.2827012 0.3972203 0.3027988 0.1921041 0.2250481 0.2297366 0.2252657 0.2695539 0.0000000 0.3027935 0.4389158 0.2499405 0.2399436 0.2520551 0.2407368 0.2962698 0.2951467 0.3103334 
Psorophora_howardii_MG242538.1        0.2693246 0.4334403 0.2300285 0.2203750 0.2161774 0.2120630 0.2150251 0.2632621 0.2830639 0.1754815 0.2364960 0.2364960 0.2364960 0.2364960 0.2364960 0.2364960 0.2364960 0.2427809 0.2480673 0.2405893 0.2502601 0.2324364 0.2364960 0.3093175 0.3093175 0.2744680 0.2215695 0.2600572 0.1919843 0.2745581 0.1895873 0.1928338 0.2753872 0.2703873 0.2363878 0.2424884 0.2937054 0.2384396 0.2218286 0.2474484 0.2480673 0.2285372 0.2261201 0.3027935 0.0000000 0.3495118 0.1508695 0.1133384 0.1576586 0.1409682 0.2165797 0.1754815 0.2885099 
Psorophora_ferox_KY782650             0.4153536 0.7705357 0.4421913 0.4415976 0.4495887 0.4426134 0.4620376 0.3727477 0.4269593 0.3551320 0.3903070 0.3903070 0.3903070 0.3903070 0.3903070 0.3903070 0.3903070 0.3926810 0.3786533 0.3275122 0.4036296 0.3998861 0.3903070 0.4893251 0.4893251 0.4851846 0.2954461 0.3687793 0.3121489 0.4258951 0.3557759 0.3204988 0.4580088 0.4701007 0.3663400 0.4104934 0.5637371 0.4167383 0.3182719 0.3778250 0.3786533 0.3796565 0.3823246 0.4389158 0.3495118 0.0000000 0.4030544 0.3577298 0.3714204 0.3966410 0.3067492 0.3551320 0.4446240 
Psorophora_ferox_MK575485             0.2622297 0.4325728 0.2043323 0.1922057 0.1794753 0.1763766 0.1948527 0.2191145 0.1874133 0.1350098 0.1627034 0.2073620 0.1627342 0.2069611 0.1907608 0.2063859 0.1625656 0.1993661 0.1617897 0.1843579 0.2237075 0.2096101 0.1625656 0.2762199 0.2762199 0.2347880 0.2128611 0.2164239 0.1716960 0.2678104 0.1489544 0.1904812 0.2700448 0.2285858 0.2127152 0.2302874 0.2726859 0.2350311 0.1638847 0.1635947 0.1617897 0.1511752 0.1791972 0.2499405 0.1508695 0.4030544 0.0000000 0.1225450 0.1383071 0.1438524 0.2259767 0.1350098 0.2609022 
Psorophora_pygmaea_JX260116.1         0.2352849 0.4438015 0.2082337 0.2118014 0.2077500 0.2036652 0.2065330 0.2302539 0.2236347 0.1581736 0.2078398 0.2078398 0.2078398 0.2078398 0.2078398 0.2078398 0.2078398 0.2103201 0.1678545 0.1742176 0.2266269 0.2153840 0.2078398 0.2623349 0.2623349 0.2597933 0.2490555 0.2272615 0.1885391 0.2775851 0.1713874 0.1818076 0.2756863 0.2407858 0.1547398 0.2282861 0.2889575 0.2369628 0.1630602 0.1610370 0.1678545 0.1821507 0.2100758 0.2399436 0.1133384 0.3577298 0.1225450 0.0000000 0.0948674 0.1095449 0.1895440 0.1581736 0.2940292 
Psorophora_cingulata_KM592989.1       0.2408121 0.4107316 0.1972723 0.1877699 0.1914430 0.1907806 0.1977577 0.2111561 0.2032608 0.1632403 0.1703325 0.1836942 0.1703325 0.1836942 0.1721282 0.1830921 0.1703325 0.1830304 0.1751089 0.1686616 0.2210605 0.2243008 0.1703325 0.2994560 0.2994560 0.2626783 0.2502793 0.2085042 0.2168212 0.2815112 0.1679660 0.2160750 0.2944430 0.2794590 0.2008992 0.2494676 0.3505326 0.2516832 0.1689822 0.1698083 0.1751089 0.1775387 0.1864147 0.2520551 0.1576586 0.3714204 0.1383071 0.0948674 0.0000000 0.0870485 0.2716734 0.1632403 0.3217665 
Psorophora_confinis_KY859921.1        0.2636317 0.4267844 0.2257668 0.2106762 0.2147231 0.2105786 0.2218882 0.2385001 0.2855635 0.1897960 0.2338539 0.2338539 0.2338539 0.2338539 0.2338539 0.2338539 0.2338539 0.2369869 0.1990296 0.2191863 0.2759562 0.2662905 0.2338539 0.2828830 0.2828830 0.2930889 0.2918742 0.2354562 0.1908556 0.2764691 0.1998199 0.2195616 0.3125816 0.3090720 0.2025098 0.2514411 0.3658155 0.2259409 0.2000896 0.1985191 0.1990296 0.1891265 0.1897834 0.2407368 0.1409682 0.3966410 0.1438524 0.1095449 0.0870485 0.0000000 0.2390913 0.1897960 0.3310360 
Uranotaenia_sapphirina_GU908127.1     0.2092339 0.4057986 0.2620188 0.2480709 0.2557955 0.2510051 0.2638187 0.2709800 0.2495851 0.2297269 0.2054209 0.2054209 0.2054209 0.2054209 0.2054209 0.2054209 0.2054209 0.2108588 0.2162279 0.2114134 0.2179867 0.2091793 0.2054209 0.2514226 0.2514226 0.2730384 0.2472253 0.2677736 0.2289795 0.2628551 0.2199684 0.2610526 0.2755067 0.2774775 0.2320056 0.2848303 0.3657216 0.2464427 0.1777727 0.2082459 0.2162279 0.1807701 0.2093090 0.2962698 0.2165797 0.3067492 0.2259767 0.1895440 0.2716734 0.2390913 0.0000000 0.2297269 0.2631128 
Culiseta_annulata_MN626442            0.2569053 0.5273072 0.2846266 0.2538234 0.2478148 0.2442280 0.2657903 0.1982461 0.1648506 0.0000010 0.1529073 0.2030788 0.1535440 0.2026817 0.1811528 0.2021627 0.1527765 0.1921653 0.1517702 0.1483356 0.2498592 0.2417286 0.1527765 0.2524343 0.2524343 0.2378489 0.1505384 0.1956887 0.1088059 0.2674908 0.1583541 0.1273823 0.2307799 0.2020911 0.2032599 0.2224359 0.2708519 0.2071707 0.1472740 0.1451373 0.1517702 0.1343844 0.1665423 0.2951467 0.1754815 0.3551320 0.1350098 0.1581736 0.1632403 0.1897960 0.2297269 0.0000000 0.2435253 
Mansonia_annulata_HQ341635            0.3372376 0.6158012 0.3212100 0.2912312 0.2760956 0.2753360 0.2885574 0.2514054 0.2399572 0.2435253 0.2372908 0.2620713 0.2374823 0.2615536 0.2555061 0.2591692 0.2372908 0.2670838 0.2499985 0.2330917 0.2879629 0.2754432 0.2372908 0.3186525 0.3186525 0.2914331 0.2351428 0.2486401 0.2687943 0.2691162 0.2614672 0.2760155 0.2835194 0.3460196 0.2570840 0.3226526 0.3129389 0.2956878 0.2162448 0.2517076 0.2499985 0.2238589 0.2467069 0.3103334 0.2885099 0.4446240 0.2609022 0.2940292 0.3217665 0.3310360 0.2631128 0.2435253 0.0000000 
