50
AT99                                  0.0000000 0.5342898 0.2595957 0.2765992 0.2811135 0.2679512 0.2886815 0.2970924 0.2923374 0.2625941 0.0371283 0.0363952 0.0371283 0.0363952 0.0371283 0.0436901 0.0371283 0.0244484 0.1333645 0.1359881 0.2297892 0.2214173 0.3000311 0.3000311 0.2239698 0.3455220 0.2941283 0.2284582 0.3053983 0.2388399 0.3071316 0.2914673 0.3038690 0.2619912 0.2940410 0.3497793 0.2979378 0.1283623 0.1370630 0.1333645 0.1548757 0.1551597 0.3029259 0.2719544 0.2589426 0.2411469 0.2429264 0.2614371 0.2625941 0.3284899 
AT_ROCK_                              0.5342898 0.0000000 0.1840359 0.2426511 0.2631189 0.2684878 0.2550247 0.5775608 0.5085698 0.6257256 0.4991937 0.4970362 0.4991937 0.4970362 0.4991937 0.5099740 0.4991937 0.3739750 0.5808976 0.5686190 0.5532368 0.5436979 0.7217402 0.7217402 0.5236121 0.6075355 0.5737852 0.4172588 0.6512413 0.4125981 0.5714296 0.6021107 0.6970471 0.5955015 0.6722009 0.7435308 0.6879880 0.5202764 0.5858323 0.5808976 0.4836879 0.5401471 0.6967262 0.4620958 0.5805184 0.4579759 0.5462789 0.4658500 0.6257256 0.7403763 
Aedes_aegypti_MN299002.1              0.2595957 0.1840359 0.0000000 0.0074971 0.0076590 0.0091472 0.0075143 0.1823672 0.1841896 0.2656497 0.2248244 0.2034537 0.2186076 0.2030622 0.2124831 0.2034537 0.2248244 0.2176661 0.2473276 0.2436023 0.2477400 0.2479935 0.3061612 0.3061612 0.2735758 0.2607455 0.1800588 0.2018497 0.2776611 0.1467327 0.2312376 0.2725828 0.2660473 0.2644879 0.2812308 0.3139083 0.2844814 0.2266661 0.2468910 0.2473276 0.2204730 0.2340033 0.2515117 0.2188706 0.1918693 0.1987084 0.1876954 0.2140762 0.2656497 0.2990730 
Aedes_aegypti_MK300221.1              0.2765992 0.2426511 0.0074971 0.0000000 0.0072989 0.0088101 0.0071674 0.1657161 0.1712275 0.2408781 0.2039182 0.1824682 0.2039182 0.1824682 0.1977427 0.1789001 0.2039182 0.2053865 0.2219062 0.2237834 0.2335752 0.2310634 0.2693162 0.2693162 0.2548078 0.2336529 0.1636256 0.1863595 0.2565252 0.1310167 0.2177862 0.2491463 0.2408554 0.2350661 0.2548645 0.3044794 0.2524274 0.2033120 0.2242918 0.2219062 0.2008318 0.2150465 0.2217078 0.2104552 0.1826758 0.2019490 0.1790424 0.2008385 0.2408781 0.2725118 
Aedes_aegypti_MN298992.1              0.2811135 0.2631189 0.0076590 0.0072989 0.0000000 0.0014517 0.0028828 0.1739097 0.1702864 0.2366968 0.1992144 0.1916156 0.1992144 0.1916156 0.2013330 0.1877379 0.1992144 0.2003831 0.2178901 0.2195790 0.2376304 0.2351028 0.2691758 0.2691758 0.2608059 0.2331311 0.1717081 0.1900326 0.2562663 0.1395136 0.2232571 0.2621212 0.2403957 0.2345708 0.2545289 0.2912406 0.2483960 0.1993084 0.2202780 0.2178901 0.1936048 0.2111392 0.2320660 0.2068341 0.1721245 0.1982447 0.1824106 0.2047436 0.2366968 0.2612779 
Aedes_aegypti_MN298993.1              0.2679512 0.2684878 0.0091472 0.0088101 0.0014517 0.0000000 0.0043501 0.1710513 0.1675046 0.2334542 0.1962008 0.1856504 0.1962008 0.1856504 0.2009326 0.1847860 0.1962008 0.1939313 0.2148066 0.2130219 0.2335752 0.2310634 0.2700766 0.2700766 0.2564152 0.2313942 0.1688680 0.1936750 0.2529736 0.1366261 0.2197752 0.2577446 0.2335599 0.2314137 0.2474775 0.2837168 0.2451264 0.1963116 0.2171865 0.2148066 0.1875258 0.2048664 0.2303516 0.2030754 0.1692772 0.1945112 0.1818336 0.2009704 0.2334542 0.2607166 
Aedes_aegypti_MK300224.1              0.2886815 0.2550247 0.0075143 0.0071674 0.0028828 0.0043501 0.0000000 0.1744257 0.1800379 0.2515916 0.2137584 0.1917455 0.2137584 0.1917455 0.2075343 0.1879527 0.2137584 0.2158721 0.2320266 0.2341215 0.2445246 0.2338782 0.2878077 0.2878077 0.2681528 0.2442996 0.1722702 0.1890623 0.2675101 0.1446960 0.2221057 0.2694425 0.2516403 0.2453804 0.2576379 0.2982901 0.2633822 0.2130426 0.2344556 0.2320266 0.2105334 0.2250131 0.2258374 0.2056625 0.1851850 0.1972288 0.1882874 0.2111447 0.2515916 0.2709347 
Aedes_albopictus_KF211505             0.2970924 0.5775608 0.1823672 0.1657161 0.1739097 0.1710513 0.1744257 0.0000000 0.1994908 0.1894703 0.2203742 0.1977571 0.2203742 0.1977571 0.2140630 0.1937690 0.2203742 0.2257442 0.1977156 0.2043227 0.2266051 0.2127265 0.2359989 0.2359989 0.2173486 0.1881566 0.0014092 0.1562373 0.2472398 0.1525186 0.1936609 0.2025226 0.2261604 0.2383208 0.2542131 0.3120652 0.2266276 0.2083433 0.2000107 0.1977156 0.1868438 0.2087470 0.2275271 0.2486590 0.2092789 0.2198111 0.2035565 0.2283339 0.1894703 0.2369990 
Aedes_albopictus_MN513368             0.2923374 0.5085698 0.1841896 0.1712275 0.1702864 0.1675046 0.1800379 0.1994908 0.0000000 0.2011291 0.1997391 0.2068385 0.2005465 0.2064391 0.2035302 0.2058219 0.1997391 0.2097711 0.2046703 0.1957849 0.2683262 0.2595374 0.2762871 0.2762871 0.2737716 0.2013155 0.1969881 0.2097534 0.2470705 0.1667161 0.2142209 0.2768160 0.2560819 0.2002455 0.2463977 0.3029001 0.2578945 0.1969295 0.2018500 0.2046703 0.1929281 0.2204157 0.2753053 0.2648763 0.1790466 0.2117854 0.1954032 0.2681405 0.2011291 0.2621701 
Aedes_taeniorhynchus_MN626442.1       0.2625941 0.6257256 0.2656497 0.2408781 0.2366968 0.2334542 0.2515916 0.1894703 0.2011291 0.0000000 0.1697547 0.1931570 0.1704184 0.1927874 0.1752721 0.1923720 0.1697547 0.1832508 0.1514345 0.1573174 0.2370151 0.2303190 0.2675291 0.2675291 0.2258961 0.1707265 0.1872262 0.1058476 0.2565244 0.1518861 0.1220170 0.2183802 0.2059943 0.2182589 0.1922433 0.3009850 0.2047315 0.1421927 0.1489169 0.1514345 0.1396530 0.1783815 0.2780713 0.1689404 0.1485933 0.1533218 0.1598877 0.1837096 0.0000010 0.3004995 
Culex_pipiens_KP293422.1              0.0371283 0.4991937 0.2248244 0.2039182 0.1992144 0.1962008 0.2137584 0.2203742 0.1997391 0.1697547 0.0000000 0.0089451 0.0000010 0.0089308 0.0000010 0.0103321 0.0000010 0.0000010 0.0758463 0.0810146 0.1741371 0.1718268 0.2119717 0.2119717 0.1811152 0.2389381 0.2178486 0.1922813 0.2264403 0.1666774 0.2276138 0.2223721 0.2105536 0.1779768 0.2114021 0.2649983 0.2109548 0.0701256 0.0781402 0.0758463 0.0978761 0.0954430 0.2256076 0.2233560 0.1775756 0.1976088 0.1624624 0.2216121 0.1697547 0.2450086 
Culex_pipiens_MK714012.1              0.0363952 0.4970362 0.2034537 0.1824682 0.1916156 0.1856504 0.1917455 0.1977571 0.2068385 0.1931570 0.0089451 0.0000000 0.0089451 0.0000010 0.0044803 0.0000010 0.0089451 0.0046200 0.0855072 0.0889642 0.1741371 0.1718268 0.2173894 0.2173894 0.1811152 0.2557466 0.1953727 0.1922813 0.2362147 0.1615660 0.2388999 0.2196935 0.2112955 0.1848521 0.2155615 0.2830793 0.2269819 0.0793821 0.0920729 0.0855072 0.1069851 0.1039967 0.2029931 0.2233560 0.1960505 0.1976088 0.1739959 0.2216121 0.1931570 0.2457699 
Culex_pipiens_KP293425.1              0.0371283 0.4991937 0.2186076 0.2039182 0.1992144 0.1962008 0.2137584 0.2203742 0.2005465 0.1704184 0.0000010 0.0089451 0.0000000 0.0089308 0.0000010 0.0103321 0.0000010 0.0000010 0.0760958 0.0812872 0.1741371 0.1718268 0.2128044 0.2128044 0.1811152 0.2399389 0.2178486 0.1922813 0.2273487 0.1666774 0.2276138 0.2223721 0.2113997 0.1786576 0.2122450 0.2660944 0.2118044 0.0703545 0.0783992 0.0760958 0.0982140 0.0957753 0.2256076 0.2233560 0.1782626 0.1976088 0.1615157 0.2216121 0.1704184 0.2424381 
Culex_pipiens_MK714001.1              0.0363952 0.4970362 0.2030622 0.1824682 0.1916156 0.1856504 0.1917455 0.1977571 0.2064391 0.1927874 0.0089308 0.0000010 0.0089308 0.0000000 0.0044803 0.0000010 0.0089308 0.0046124 0.0853590 0.0888081 0.1741371 0.1718268 0.2169831 0.2169831 0.1811152 0.2552405 0.1953727 0.1922813 0.2357653 0.1615660 0.2388999 0.2196935 0.2108941 0.1845086 0.2151543 0.2825305 0.2265431 0.0792448 0.0919125 0.0853590 0.1067947 0.1038109 0.2029931 0.2233560 0.1956804 0.1976088 0.1739959 0.2216121 0.1927874 0.2452988 
Culex_quinquefasciatus_MW509603       0.0371283 0.4991937 0.2124831 0.1977427 0.2013330 0.2009326 0.2075343 0.2140630 0.2035302 0.1752721 0.0000010 0.0044803 0.0000010 0.0044803 0.0000000 0.0059142 0.0000010 0.0000010 0.0768962 0.0822867 0.1759555 0.1736194 0.2066492 0.2066492 0.1811152 0.2445599 0.2115449 0.1922813 0.2274544 0.1684283 0.2276138 0.2233274 0.2110280 0.1773801 0.2119014 0.2711985 0.2148058 0.0709556 0.0792850 0.0768962 0.0975317 0.0973343 0.2193537 0.2233560 0.1833876 0.1976088 0.1631479 0.2216121 0.1752721 0.2406415 
Culex_quinquefasciatus_MH463059.1     0.0436901 0.5099740 0.2034537 0.1789001 0.1877379 0.1847860 0.1879527 0.1937690 0.2058219 0.1923720 0.0103321 0.0000010 0.0103321 0.0000010 0.0059142 0.0000000 0.0103321 0.0046200 0.0862215 0.0918736 0.1741371 0.1718268 0.2129853 0.2129853 0.1811152 0.2538562 0.1914447 0.1922813 0.2347263 0.1615660 0.2409113 0.2196935 0.2102225 0.1842187 0.2177261 0.2807492 0.2256268 0.0801658 0.0927129 0.0862215 0.1098249 0.1068636 0.1989370 0.2233560 0.1952298 0.1976088 0.1735153 0.2216121 0.1923720 0.2432373 
Culex_quinquefasciatus_MN389462.1     0.0371283 0.4991937 0.2248244 0.2039182 0.1992144 0.1962008 0.2137584 0.2203742 0.1997391 0.1697547 0.0000010 0.0089451 0.0000010 0.0089308 0.0000010 0.0103321 0.0000000 0.0000010 0.0758463 0.0810146 0.1741371 0.1718268 0.2119717 0.2119717 0.1811152 0.2389381 0.2178486 0.1922813 0.2264403 0.1666774 0.2276138 0.2223721 0.2105536 0.1779768 0.2114021 0.2649983 0.2109548 0.0701256 0.0781402 0.0758463 0.0978761 0.0954430 0.2256076 0.2233560 0.1775756 0.1976088 0.1624624 0.2216121 0.1697547 0.2450086 
Culex_quinquefasciatus_MN005046.1     0.0244484 0.3739750 0.2176661 0.2053865 0.2003831 0.1939313 0.2158721 0.2257442 0.2097711 0.1832508 0.0000010 0.0046200 0.0000010 0.0046124 0.0000010 0.0046200 0.0000010 0.0000000 0.0788695 0.0801435 0.1745182 0.1772261 0.2173265 0.2173265 0.1828361 0.2563726 0.2230402 0.1970602 0.2338637 0.1703646 0.2440920 0.2292163 0.2143067 0.1841032 0.2107309 0.2705495 0.2226685 0.0727095 0.0833296 0.0788695 0.0979760 0.0931141 0.2312882 0.2290977 0.1889998 0.1998129 0.1730638 0.2243889 0.1832508 0.2502040 
Culex_tarsalis_NC_036006.1            0.1333645 0.5808976 0.2473276 0.2219062 0.2178901 0.2148066 0.2320266 0.1977156 0.2046703 0.1514345 0.0758463 0.0855072 0.0760958 0.0853590 0.0768962 0.0862215 0.0758463 0.0788695 0.0000000 0.0567146 0.1686419 0.1679404 0.2154688 0.2154688 0.2009303 0.2384563 0.1953904 0.1976527 0.2400952 0.1878339 0.2082197 0.2111378 0.1840180 0.1477877 0.1897415 0.2558661 0.1885799 0.0509084 0.0042564 0.0000010 0.0933008 0.1044086 0.2184784 0.2356879 0.1631691 0.1613439 0.1668996 0.1910290 0.1514345 0.2448855 
Culex_tarsalis_AF425847               0.1359881 0.5686190 0.2436023 0.2237834 0.2195790 0.2130219 0.2341215 0.2043227 0.1957849 0.1573174 0.0810146 0.0889642 0.0812872 0.0888081 0.0822867 0.0918736 0.0810146 0.0801435 0.0567146 0.0000000 0.1681569 0.1626588 0.2243234 0.2243234 0.1924233 0.2181033 0.2018683 0.1747193 0.2390562 0.1780800 0.1925569 0.2102406 0.1927054 0.1557475 0.1946929 0.2355660 0.1920087 0.0356659 0.0526899 0.0567146 0.0842133 0.1058368 0.1974751 0.2273715 0.1749388 0.1673858 0.1618108 0.2073796 0.1573174 0.2375998 
Culex_erraticus_MH129001              0.2297892 0.5532368 0.2477400 0.2335752 0.2376304 0.2335752 0.2445246 0.2266051 0.2683262 0.2370151 0.1741371 0.1741371 0.1741371 0.1741371 0.1759555 0.1741371 0.1741371 0.1745182 0.1686419 0.1681569 0.0000000 0.0106945 0.1954321 0.1954321 0.1896185 0.2621976 0.2239483 0.2109583 0.2269161 0.2063210 0.2335801 0.1997652 0.2126317 0.2313239 0.2059601 0.2374380 0.2378823 0.1659110 0.1683320 0.1686419 0.1473846 0.1790086 0.2335711 0.2383307 0.2126225 0.2156928 0.2100223 0.2615580 0.2370151 0.2715977 
Culex_erraticus_MH128999.1            0.2214173 0.5436979 0.2479935 0.2310634 0.2351028 0.2310634 0.2338782 0.2127265 0.2595374 0.2303190 0.1718268 0.1718268 0.1718268 0.1718268 0.1736194 0.1718268 0.1718268 0.1772261 0.1679404 0.1626588 0.0106945 0.0000000 0.1982463 0.1982463 0.1890137 0.2478090 0.2101218 0.1900983 0.2244855 0.1930961 0.2132375 0.1920372 0.2120782 0.2344848 0.2089615 0.2342435 0.2239897 0.1654392 0.1676336 0.1679404 0.1419302 0.1833998 0.2254035 0.2218698 0.1991970 0.2055085 0.2130825 0.2525459 0.2303190 0.2603487 
Anopheles_quadrimaculatus_L04272      0.3000311 0.7217402 0.3061612 0.2693162 0.2691758 0.2700766 0.2878077 0.2359989 0.2762871 0.2675291 0.2119717 0.2173894 0.2128044 0.2169831 0.2066492 0.2129853 0.2119717 0.2173265 0.2154688 0.2243234 0.1954321 0.1982463 0.0000000 0.0000010 0.1285634 0.3113677 0.2333381 0.2833754 0.2039701 0.2533224 0.2824169 0.1417686 0.1840399 0.1695794 0.1825918 0.2198922 0.1536332 0.2158332 0.2113291 0.2154688 0.1883397 0.2215795 0.2797844 0.2904966 0.2809782 0.2475665 0.2843848 0.2658750 0.2675291 0.2868517 
Anopheles_quadrimaculatus_L04272.1    0.3000311 0.7217402 0.3061612 0.2693162 0.2691758 0.2700766 0.2878077 0.2359989 0.2762871 0.2675291 0.2119717 0.2173894 0.2128044 0.2169831 0.2066492 0.2129853 0.2119717 0.2173265 0.2154688 0.2243234 0.1954321 0.1982463 0.0000010 0.0000000 0.1285634 0.3113677 0.2333381 0.2833754 0.2039701 0.2533224 0.2824169 0.1417686 0.1840399 0.1695794 0.1825918 0.2198922 0.1536332 0.2158332 0.2113291 0.2154688 0.1883397 0.2215795 0.2797844 0.2904966 0.2809782 0.2475665 0.2843848 0.2658750 0.2675291 0.2868517 
Anopheles_punctipennis_KR666470.1     0.2239698 0.5236121 0.2735758 0.2548078 0.2608059 0.2564152 0.2681528 0.2173486 0.2737716 0.2258961 0.1811152 0.1811152 0.1811152 0.1811152 0.1811152 0.1811152 0.1811152 0.1828361 0.2009303 0.1924233 0.1896185 0.1890137 0.1285634 0.1285634 0.0000000 0.2668965 0.2146351 0.2464513 0.1919499 0.2202117 0.2627362 0.1310236 0.1873355 0.1547496 0.1301824 0.2313222 0.1323241 0.1770848 0.1939211 0.2009303 0.1353854 0.1926068 0.2798286 0.2603246 0.2241163 0.2471117 0.2501629 0.2768720 0.2258961 0.2748578 
Aedes_busckii_MN626443.1              0.3455220 0.6075355 0.2607455 0.2336529 0.2331311 0.2313942 0.2442996 0.1881566 0.2013155 0.1707265 0.2389381 0.2557466 0.2399389 0.2552405 0.2445599 0.2538562 0.2389381 0.2563726 0.2384563 0.2181033 0.2621976 0.2478090 0.3113677 0.3113677 0.2668965 0.0000000 0.1858744 0.1903746 0.2664541 0.1757423 0.1735696 0.2582151 0.2947922 0.2457539 0.2834333 0.3762545 0.2462600 0.2124787 0.2284041 0.2384563 0.2046968 0.2516308 0.2841226 0.2111379 0.2028544 0.2372120 0.2402008 0.2766724 0.1707265 0.2588171 
Aedes_japonicus_KF211494.1            0.2941283 0.5737852 0.1800588 0.1636256 0.1717081 0.1688680 0.1722702 0.0014092 0.1969881 0.1872262 0.2178486 0.1953727 0.2178486 0.1953727 0.2115449 0.1914447 0.2178486 0.2230402 0.1953904 0.2018683 0.2239483 0.2101218 0.2333381 0.2333381 0.2146351 0.1858744 0.0000000 0.1540403 0.2445978 0.1501261 0.1911154 0.1999052 0.2235232 0.2357514 0.2515679 0.3090494 0.2240490 0.2059013 0.1976757 0.1953904 0.1845560 0.2063326 0.2249275 0.2458332 0.2069096 0.2171744 0.2012161 0.2256504 0.1872262 0.2344012 
Aedes_tortilis_JX259682.1             0.2284582 0.4172588 0.2018497 0.1863595 0.1900326 0.1936750 0.1890623 0.1562373 0.2097534 0.1058476 0.1922813 0.1922813 0.1922813 0.1922813 0.1922813 0.1922813 0.1922813 0.1970602 0.1976527 0.1747193 0.2109583 0.1900983 0.2833754 0.2833754 0.2464513 0.1903746 0.1540403 0.0000000 0.2097430 0.1403713 0.1327682 0.2648442 0.2506680 0.2510229 0.2085768 0.3332537 0.2208501 0.1777001 0.1972773 0.1976527 0.1798144 0.1992299 0.2815807 0.1843905 0.1647639 0.1809995 0.2099594 0.1833205 0.1058476 0.2542308 
Aedes_vexans_MH032639                 0.3053983 0.6512413 0.2776611 0.2565252 0.2562663 0.2529736 0.2675101 0.2472398 0.2470705 0.2565244 0.2264403 0.2362147 0.2273487 0.2357653 0.2274544 0.2347263 0.2264403 0.2338637 0.2400952 0.2390562 0.2269161 0.2244855 0.2039701 0.2039701 0.1919499 0.2664541 0.2445978 0.2097430 0.0000000 0.2058927 0.2641164 0.2058891 0.1826535 0.1611101 0.1785480 0.2270942 0.1378640 0.2233455 0.2424712 0.2400952 0.2157547 0.2222912 0.2785874 0.2592483 0.2507298 0.2614189 0.2662827 0.2631308 0.2565244 0.2590313 
Aedes_vexans_KP954638.1               0.2388399 0.4125981 0.1467327 0.1310167 0.1395136 0.1366261 0.1446960 0.1525186 0.1667161 0.1518861 0.1666774 0.1615660 0.1666774 0.1615660 0.1684283 0.1615660 0.1666774 0.1703646 0.1878339 0.1780800 0.2063210 0.1930961 0.2533224 0.2533224 0.2202117 0.1757423 0.1501261 0.1403713 0.2058927 0.0000000 0.1473204 0.2288683 0.2235415 0.1993241 0.2210363 0.2913988 0.2042117 0.1682836 0.1901763 0.1878339 0.1543657 0.1713902 0.2629731 0.1816023 0.1430060 0.1657951 0.1610100 0.1910760 0.1518861 0.2476940 
Aedes_triseriatus_MG242523.1          0.3071316 0.5714296 0.2312376 0.2177862 0.2232571 0.2197752 0.2221057 0.1936609 0.2142209 0.1220170 0.2276138 0.2388999 0.2276138 0.2388999 0.2276138 0.2409113 0.2276138 0.2440920 0.2082197 0.1925569 0.2335801 0.2132375 0.2824169 0.2824169 0.2627362 0.1735696 0.1911154 0.1327682 0.2641164 0.1473204 0.0000000 0.2579782 0.2640313 0.2147528 0.2462673 0.3411068 0.2499575 0.1857195 0.2050585 0.2082197 0.1924889 0.2450469 0.3086253 0.1850695 0.1824433 0.1742367 0.2065530 0.2097661 0.1220170 0.2618788 
Anopheles_crucians_MT040812.1         0.2914673 0.6021107 0.2725828 0.2491463 0.2621212 0.2577446 0.2694425 0.2025226 0.2768160 0.2183802 0.2223721 0.2196935 0.2223721 0.2196935 0.2233274 0.2196935 0.2223721 0.2292163 0.2111378 0.2102406 0.1997652 0.1920372 0.1417686 0.1417686 0.1310236 0.2582151 0.1999052 0.2648442 0.2058891 0.2288683 0.2579782 0.0000000 0.1865412 0.1877839 0.1878814 0.2010051 0.1961182 0.2130801 0.2107542 0.2111378 0.1800387 0.2162419 0.2967218 0.2603962 0.2559752 0.2598460 0.2781676 0.2944233 0.2183802 0.2682416 
Anopheles_albimanus_KC354824          0.3038690 0.6970471 0.2660473 0.2408554 0.2403957 0.2335599 0.2516403 0.2261604 0.2560819 0.2059943 0.2105536 0.2112955 0.2113997 0.2108941 0.2110280 0.2102225 0.2105536 0.2143067 0.1840180 0.1927054 0.2126317 0.2120782 0.1840399 0.1840399 0.1873355 0.2947922 0.2235232 0.2506680 0.1826535 0.2235415 0.2640313 0.1865412 0.0000000 0.1752791 0.1616371 0.2050771 0.1849940 0.1842596 0.1754904 0.1840180 0.1663116 0.2015479 0.2557403 0.2557727 0.2415345 0.2286835 0.2635889 0.2901637 0.2059943 0.3451287 
Anopheles_funestus_MT917175           0.2619912 0.5955015 0.2644879 0.2350661 0.2345708 0.2314137 0.2453804 0.2383208 0.2002455 0.2182589 0.1779768 0.1848521 0.1786576 0.1845086 0.1773801 0.1842187 0.1779768 0.1841032 0.1477877 0.1557475 0.2313239 0.2344848 0.1695794 0.1695794 0.1547496 0.2457539 0.2357514 0.2510229 0.1611101 0.1993241 0.2147528 0.1877839 0.1752791 0.0000000 0.1266607 0.2338489 0.1419436 0.1455114 0.1446097 0.1477877 0.1697031 0.1930479 0.2259409 0.2262023 0.1884802 0.1490746 0.1944564 0.1943103 0.2182589 0.2600123 
Anopheles_gambiae_MG753769            0.2940410 0.6722009 0.2812308 0.2548645 0.2545289 0.2474775 0.2576379 0.2542131 0.2463977 0.1922433 0.2114021 0.2155615 0.2122450 0.2151543 0.2119014 0.2177261 0.2114021 0.2107309 0.1897415 0.1946929 0.2059601 0.2089615 0.1825918 0.1825918 0.1301824 0.2834333 0.2515679 0.2085768 0.1785480 0.2210363 0.2462673 0.1878814 0.1616371 0.1266607 0.0000000 0.2102561 0.1276676 0.1824597 0.1870612 0.1897415 0.1724550 0.1930427 0.2668575 0.2304161 0.2130072 0.2174059 0.2394951 0.2389512 0.1922433 0.3122522 
Anopheles_pseudopunctipennis_KC354820 0.3497793 0.7435308 0.3139083 0.3044794 0.2912406 0.2837168 0.2982901 0.3120652 0.3029001 0.3009850 0.2649983 0.2830793 0.2660944 0.2825305 0.2711985 0.2807492 0.2649983 0.2705495 0.2558661 0.2355660 0.2374380 0.2342435 0.2198922 0.2198922 0.2313222 0.3762545 0.3090494 0.3332537 0.2270942 0.2913988 0.3411068 0.2010051 0.2050771 0.2338489 0.2102561 0.0000000 0.2056943 0.2548586 0.2528384 0.2558661 0.2303403 0.2437032 0.3696641 0.2773550 0.3097812 0.2733590 0.3269434 0.3415725 0.3009850 0.3356823 
Anopheles_stephensi_KT899888          0.2979378 0.6879880 0.2844814 0.2524274 0.2483960 0.2451264 0.2633822 0.2266276 0.2578945 0.2047315 0.2109548 0.2269819 0.2118044 0.2265431 0.2148058 0.2256268 0.2109548 0.2226685 0.1885799 0.1920087 0.2378823 0.2239897 0.1536332 0.1536332 0.1323241 0.2462600 0.2240490 0.2208501 0.1378640 0.2042117 0.2499575 0.1961182 0.1849940 0.1419436 0.1276676 0.2056943 0.0000000 0.1857765 0.1848352 0.1885799 0.1713378 0.2029863 0.2846294 0.2246952 0.2247586 0.2249898 0.2387816 0.2127785 0.2047315 0.2948005 
Culex_nigripalpus_NC_037823.1         0.1283623 0.5202764 0.2266661 0.2033120 0.1993084 0.1963116 0.2130426 0.2083433 0.1969295 0.1421927 0.0701256 0.0793821 0.0703545 0.0792448 0.0709556 0.0801658 0.0701256 0.0727095 0.0509084 0.0356659 0.1659110 0.1654392 0.2158332 0.2158332 0.1770848 0.2124787 0.2059013 0.1777001 0.2233455 0.1682836 0.1857195 0.2130801 0.1842596 0.1455114 0.1824597 0.2548586 0.1857765 0.0000000 0.0491390 0.0509084 0.0700616 0.0874015 0.1845192 0.2117130 0.1533800 0.1571331 0.1629139 0.1913431 0.1421927 0.2183879 
Culex_usquatissimus_NC_036007.1       0.1370630 0.5858323 0.2468910 0.2242918 0.2202780 0.2171865 0.2344556 0.2000107 0.2018500 0.1489169 0.0781402 0.0920729 0.0783992 0.0919125 0.0792850 0.0927129 0.0781402 0.0833296 0.0042564 0.0526899 0.1683320 0.1676336 0.2113291 0.2113291 0.1939211 0.2284041 0.1976757 0.1972773 0.2424712 0.1901763 0.2050585 0.2107542 0.1754904 0.1446097 0.1870612 0.2528384 0.1848352 0.0491390 0.0000000 0.0042564 0.0912486 0.1022891 0.2141999 0.2352522 0.1652923 0.1549526 0.1642471 0.1906621 0.1489169 0.2473117 
Culex_coronator_NC_036006.1           0.1333645 0.5808976 0.2473276 0.2219062 0.2178901 0.2148066 0.2320266 0.1977156 0.2046703 0.1514345 0.0758463 0.0855072 0.0760958 0.0853590 0.0768962 0.0862215 0.0758463 0.0788695 0.0000010 0.0567146 0.1686419 0.1679404 0.2154688 0.2154688 0.2009303 0.2384563 0.1953904 0.1976527 0.2400952 0.1878339 0.2082197 0.2111378 0.1840180 0.1477877 0.1897415 0.2558661 0.1885799 0.0509084 0.0042564 0.0000000 0.0933008 0.1044086 0.2184784 0.2356879 0.1631691 0.1613439 0.1668996 0.1910290 0.1514345 0.2448855 
Culex_sitiens_NC_054318               0.1548757 0.4836879 0.2204730 0.2008318 0.1936048 0.1875258 0.2105334 0.1868438 0.1929281 0.1396530 0.0978761 0.1069851 0.0982140 0.1067947 0.0975317 0.1098249 0.0978761 0.0979760 0.0933008 0.0842133 0.1473846 0.1419302 0.1883397 0.1883397 0.1353854 0.2046968 0.1845560 0.1798144 0.2157547 0.1543657 0.1924889 0.1800387 0.1663116 0.1697031 0.1724550 0.2303403 0.1713378 0.0700616 0.0912486 0.0933008 0.0000000 0.0931874 0.2140102 0.2177219 0.1439961 0.1745849 0.1708773 0.1806436 0.1396530 0.2329584 
Culex_tritaeniorhynchus_KT852976      0.1551597 0.5401471 0.2340033 0.2150465 0.2111392 0.2048664 0.2250131 0.2087470 0.2204157 0.1783815 0.0954430 0.1039967 0.0957753 0.1038109 0.0973343 0.1068636 0.0954430 0.0931141 0.1044086 0.1058368 0.1790086 0.1833998 0.2215795 0.2215795 0.1926068 0.2516308 0.2063326 0.1992299 0.2222912 0.1713902 0.2450469 0.2162419 0.2015479 0.1930479 0.1930427 0.2437032 0.2029863 0.0874015 0.1022891 0.1044086 0.0931874 0.0000000 0.2561486 0.2160453 0.2002901 0.2016720 0.1801445 0.1829513 0.1783815 0.2635127 
Deinocerites_magnus_MH376751.1        0.3029259 0.6967262 0.2515117 0.2217078 0.2320660 0.2303516 0.2258374 0.2275271 0.2753053 0.2780713 0.2256076 0.2029931 0.2256076 0.2029931 0.2193537 0.1989370 0.2256076 0.2312882 0.2184784 0.1974751 0.2335711 0.2254035 0.2797844 0.2797844 0.2798286 0.2841226 0.2249275 0.2815807 0.2785874 0.2629731 0.3086253 0.2967218 0.2557403 0.2259409 0.2668575 0.3696641 0.2846294 0.1845192 0.2141999 0.2184784 0.2140102 0.2561486 0.0000000 0.2885602 0.2351046 0.2291820 0.2394934 0.2295644 0.2780713 0.2915894 
Psorophora_howardii_MG242538.1        0.2719544 0.4620958 0.2188706 0.2104552 0.2068341 0.2030754 0.2056625 0.2486590 0.2648763 0.1689404 0.2233560 0.2233560 0.2233560 0.2233560 0.2233560 0.2233560 0.2233560 0.2290977 0.2356879 0.2273715 0.2383307 0.2218698 0.2904966 0.2904966 0.2603246 0.2111379 0.2458332 0.1843905 0.2592483 0.1816023 0.1850695 0.2603962 0.2557727 0.2262023 0.2304161 0.2773550 0.2246952 0.2117130 0.2352522 0.2356879 0.2177219 0.2160453 0.2885602 0.0000000 0.1448471 0.1109067 0.1519592 0.1370211 0.1689404 0.2727153 
Psorophora_ferox_MK575485             0.2589426 0.5805184 0.1918693 0.1826758 0.1721245 0.1692772 0.1851850 0.2092789 0.1790466 0.1485933 0.1775756 0.1960505 0.1782626 0.1956804 0.1833876 0.1952298 0.1775756 0.1889998 0.1631691 0.1749388 0.2126225 0.1991970 0.2809782 0.2809782 0.2241163 0.2028544 0.2069096 0.1647639 0.2507298 0.1430060 0.1824433 0.2559752 0.2415345 0.1884802 0.2130072 0.3097812 0.2247586 0.1533800 0.1652923 0.1631691 0.1439961 0.2002901 0.2351046 0.1448471 0.0000000 0.1186120 0.1341804 0.1390545 0.1485933 0.2950221 
Psorophora_pygmaea_JX260116.1         0.2411469 0.4579759 0.1987084 0.2019490 0.1982447 0.1945112 0.1972288 0.2198111 0.2117854 0.1533218 0.1976088 0.1976088 0.1976088 0.1976088 0.1976088 0.1976088 0.1976088 0.1998129 0.1613439 0.1673858 0.2156928 0.2055085 0.2475665 0.2475665 0.2471117 0.2372120 0.2171744 0.1809995 0.2614189 0.1657951 0.1742367 0.2598460 0.2286835 0.1490746 0.2174059 0.2733590 0.2249898 0.1571331 0.1549526 0.1613439 0.1745849 0.2016720 0.2291820 0.1109067 0.1186120 0.0000000 0.0925892 0.1065107 0.1533218 0.2786256 
Psorophora_cingulata_KM592989.1       0.2429264 0.5462789 0.1876954 0.1790424 0.1824106 0.1818336 0.1882874 0.2035565 0.1954032 0.1598877 0.1624624 0.1739959 0.1615157 0.1739959 0.1631479 0.1735153 0.1624624 0.1730638 0.1668996 0.1618108 0.2100223 0.2130825 0.2843848 0.2843848 0.2501629 0.2402008 0.2012161 0.2099594 0.2662827 0.1610100 0.2065530 0.2781676 0.2635889 0.1944564 0.2394951 0.3269434 0.2387816 0.1629139 0.1642471 0.1668996 0.1708773 0.1801445 0.2394934 0.1519592 0.1341804 0.0925892 0.0000000 0.0850148 0.1598877 0.3014166 
Psorophora_confinis_KY859921.1        0.2614371 0.4658500 0.2140762 0.2008385 0.2047436 0.2009704 0.2111447 0.2283339 0.2681405 0.1837096 0.2216121 0.2216121 0.2216121 0.2216121 0.2216121 0.2216121 0.2216121 0.2243889 0.1910290 0.2073796 0.2615580 0.2525459 0.2658750 0.2658750 0.2768720 0.2766724 0.2256504 0.1833205 0.2631308 0.1910760 0.2097661 0.2944233 0.2901637 0.1943103 0.2389512 0.3415725 0.2127785 0.1913431 0.1906621 0.1910290 0.1806436 0.1829513 0.2295644 0.1370211 0.1390545 0.1065107 0.0850148 0.0000000 0.1837096 0.3116245 
Culiseta_annulata_MN626442            0.2625941 0.6257256 0.2656497 0.2408781 0.2366968 0.2334542 0.2515916 0.1894703 0.2011291 0.0000010 0.1697547 0.1931570 0.1704184 0.1927874 0.1752721 0.1923720 0.1697547 0.1832508 0.1514345 0.1573174 0.2370151 0.2303190 0.2675291 0.2675291 0.2258961 0.1707265 0.1872262 0.1058476 0.2565244 0.1518861 0.1220170 0.2183802 0.2059943 0.2182589 0.1922433 0.3009850 0.2047315 0.1421927 0.1489169 0.1514345 0.1396530 0.1783815 0.2780713 0.1689404 0.1485933 0.1533218 0.1598877 0.1837096 0.0000000 0.3004995 
Mansonia_annulata_HQ341635            0.3284899 0.7403763 0.2990730 0.2725118 0.2612779 0.2607166 0.2709347 0.2369990 0.2621701 0.3004995 0.2450086 0.2457699 0.2424381 0.2452988 0.2406415 0.2432373 0.2450086 0.2502040 0.2448855 0.2375998 0.2715977 0.2603487 0.2868517 0.2868517 0.2748578 0.2588171 0.2344012 0.2542308 0.2590313 0.2476940 0.2618788 0.2682416 0.3451287 0.2600123 0.3122522 0.3356823 0.2948005 0.2183879 0.2473117 0.2448855 0.2329584 0.2635127 0.2915894 0.2727153 0.2950221 0.2786256 0.3014166 0.3116245 0.3004995 0.0000000 
